34
63
63
63
63
90
1
1
218
309
102
513
513
213
213
94
306
118
50
36
1
369
369
282
282
147
34
34
22
22
71
117
91
56
56
56
42
42
42
18
18
18
161
161
161
47
47
47
47
66
66
66
657
657
657
213
213
213
164
164
164
77
77
77
118
118
44
50
37
37
37
37
37
37
37
37
37
37
301
301
301
301
301
130
130
130
130
130
36
36
36
36
36
33
33
33
10
40
40
76
76
46
46
59
113
41
237
96
96
193
45
28
148
76
73
63
242
1639
97
81
151
76
35
192
313
25
13
89
85
45
14
195
46
219
315
315
315
214
214
214
256
82
82
268
268
24
20
35
33
139
129
66
124
220
93
395
175
234
456
133
144
144
57
57
50
50
129
192
192
192
24
24
24
76
94
76
94
76
94
195
181
331
66
108
108
40
40
85
103
14
180
46
59
277
16
16
16
127
30
14
20
298
25
299
137
158
181
302
297
108
34
291
291
183
183
390
390
148
69
170
430
249
39
39
39
123
123
82
82
68
68
68
242
242
242
47
47
47
271
271
271
124
124
124
48
48
48
77
77
77
276
276
276
288
288
288
140
140
140
34
30
17
17
313
313
313
306
306
284
284
250
250
296
296
50
50
122
122
187
187
96
96
88
99
99
210
46
31
97
97
97
236
55
55
47
47
47
47
47
8
359
47
26
395
86
32
54
146
115
240
107
271
125
154
527
335
314
157
157
130
130
55
129
129
129
129
129
129
129
129
402
402
402
402
402
402
402
402
43
43
43
43
43
43
43
43
439
439
439
439
439
439
439
439
28
28
37
37
78
78
278
66
121
196
455
101
44
85
281
33
33
33
33
33
74
74
74
74
74
34
34
34
34
34
34
34
34
34
34
210
210
132
309
29
241
78
78
78
130
308
287
292
292
290
10
1
293
136
69
17
31
31
31
39
39
39
76
76
76
287
287
287
229
229
229
57
50
50
56
56
9
9
9
9
262
262
262
262
262
287
287
287
287
287
76
34
34
29
29
29
29
29
17
17
71
71
144
151
151
151
39
39
36
97
38
57
122
122
159
159
159
159
159
159
159
159
368
40
40
40
40
40
40
40
13
63
63
76
76
120
89
217
423
2
23
315
231
92
92
231
231
231
231
231
231
34
277
277
277
276
276
33
33
33
33
421
421
421
421
29
29
29
29
200
61
50
165
81
213
88
287
407
9
323
293
59
252
145
177
142
115
23
454
155
657
29
129
110
69
185
272
272
272
1
99
502
62
192
141
6
16
75
47
47
25
25
25
25
25
35
35
35
35
35
295
295
295
295
295
3
55
425
33
287
121
452
19
307
156
115
78
506
197
197
197
197
197
109
295
165
32
301
301
301
301
301
106
131
70
169
84
64
311
311
311
79
79
79
311
912
121
50
50
37
37
290
290
32
32
165
165
259
259
259
259
259
28
28
28
28
28
18
38
7
101
141
47
136
31
296
26
31
27
41
74
18
106
57
58
320
413
26
26
102
102
29
29
310
310
106
90
90
90
90
418
8
63
190
190
190
190
61
61
61
61
55
55
55
55
152
179
238
85
404
404
40
109
109
55
55
73
73
73
298
298
298
296
296
296
71
71
71
37
37
37
37
37
37
145
145
145
145
145
145
133
34
32
32
32
32
32
32
56
43
55
27
27
488
120
24
24
95
130
88
88
189
189
242
242
432
432
111
111
153
153
89
89
854
854
224
224
321
321
50
26
92
92
7
231
231
64
32
32
209
86
86
56
56
172
172
522
522
118
118
23
365
365
34
34
300
300
134
162
536
61
29
301
93
81
146
90
52
33
44
97
296
13
13
96
90
281
27
26
26
26
26
294
294
294
294
18
18
18
18
94
94
94
94
49
49
10
91
34
103
29
22
250
188
304
399
140
43
43
43
43
43
43
25
25
25
25
25
25
118
118
118
118
118
118
