116
219
245
32
99
72
130
193
65
275
114
75
115
296
151
5
102
129
20
223
41
305
148
231
71
93
118
131
288
70
205
296
299
181
46
218
80
314
296
294
306
101
117
48
26
214
73
162
114
299
56
198
64
92
65
94
53
83
211
120
42
297
322
316
167
5
190
293
299
136
177
307
286
284
300
125
293
129
246
298
55
179
130
296
172
258
99
104
291
167
77
314
293
121
232
106
88
312
282
281
295
290
141
290
300
293
303
59
276
310
93
94
9
229
104
58
71
103
182
81
54
93
3
107
32
73
293
50
249
290
46
278
319
37
12
124
293
214
48
88
110
53
287
293
288
128
188
178
173
156
178
95
60
110
94
92
228
268
312
310
194
229
167
301
268
219
300
287
301
316
272
288
309
296
291
292
263
94
309
291
290
288
286
289
295
323
316
289
298
273
291
270
284
310
163
294
306
238
56
25
138
276
304
271
249
304
304
288
103
109
208
106
191
235
158
160
298
304
147
19
174
317
179
301
269
125
296
59
124
303
290
72
47
148
295
301
89
26
101
119
73
65
53
167
118
164
49
124
231
256
313
302
298
41
121
185
211
308
300
69
175
297
102
58
136
134
109
139
262
132
73
80
18
169
291
289
286
1
159
285
254
141
67
145
295
107
188
223
120
289
296
278
29
161
311
276
124
85
306
190
95
296
302
27
79
172
299
296
256
119
95
205
217
305
298
224
311
300
227
102
288
49
136
164
124
73
286
296
68
139
291
165
295
277
291
152
63
27
188
209
86
99
167
301
304
309
132
149
3
79
130
279
58
148
297
39
92
81
120
85
24
86
113
27
29
76
197
53
53
205
35
36
9
90
112
27
124
101
51
306
86
2
131
112
7
13
52
36
11
99
182
155
35
135
109
105
114
15
275
120
76
120
139
255
63
33
207
17
21
122
170
287
39
12
139
77
76
4
92
92
82
38
200
101
293
73
280
202
123
86
106
210
151
52
55
31
49
38
132
13
134
57
160
130
95
248
161
49
302
284
122
298
134
123
64
301
166
298
136
141
292
117
306
299
294
154
177
196
54
280
302
270
263
90
145
304
308
59
158
280
23
295
245
145
72
177
101
156
57
309
294
306
211
156
296
308
299
290
80
305
173
293
286
306
283
304
273
294
292
295
115
278
89
275
287
261
314
104
282
294
305
278
280
292
86
305
282
138
237
302
66
204
284
230
170
172
195
295
321
92
308
307
301
279
277
213
315
282
169
310
70
8
261
165
304
170
280
127
115
312
305
299
109
177
293
291
306
295
295
217
280
235
293
296
24
61
292
139
152
285
172
305
291
69
163
184
273
301
43
283
290
129
66
260
46
154
126
298
300
176
25
189
221
60
132
177
119
184
150
161
45
99
198
170
302
219
204
140
293
278
294
147
145
50
240
257
63
38
297
113
298
90
116
33
15
109
12
116
14
291
292
272
93
293
328
288
259
139
293
128
288
163
217
289
123
294
305
195
292
43
48
281
124
168
244
116
136
43
76
212
295
288
270
292
294
176
125
173
155
2
200
298
62
33
116
295
296
306
209
116
273
286
160
274
178
275
294
297
280
297
128
305
308
301
177
299
300
120
298
299
77
82
80
296
26
308
282
273
144
52
299
302
302
284
65
162
99
291
313
55
98
32
97
299
201
127
318
307
301
314
24
116
311
211
33
87
259
311
127
126
305
180
273
292
307
247
133
258
199
162
306
158
300
294
145
309
301
305
173
322
293
295
160
38
78
276
308
286
147
298
166
272
106
291
304
105
133
68
298
294
99
301
306
183
296
122
65
296
124
292
264
64
290
300
164
20
199
148
133
301
155
289
148
132
286
301
293
289
231
192
123
42
311
80
196
111
230
92
291
175
183
304
289
145
105
125
296
309
286
108
83
95
105
217
128
168
293
299
308
296
294
257
325
308
304
310
158
115
59
163
71
26
301
302
292
295
281
282
171
114
145
95
239
291
310
303
135
117
286
61
215
294
96
105
295
4
88
303
291
294
290
156
195
196
135
181
12
287
133
317
306
232
89
23
261
25
204
19
142
68
58
81
16
33
114
21
136
10
105
43
30
159
218
141
146
34
5
56
59
104
7
238
88
233
20
62
190
303
259
79
279
297
223
40
83
109
109
29
181
214
123
22
300
43
298
181
73
140
116
288
55
293
114
198
208
48
137
61
23
116
196
20
291
116
208
284
315
211
224
97
200
207
306
245
304
43
157
259
294
114
312
270
111
142
164
72
30
309
178
281
46
171
147
255
170
192
91
180
295
122
277
226
71
82
73
309
288
281
145
298
219
124
99
172
1
174
174
282
310
203
236
292
268
91
127
290
230
321
30
166
196
285
180
123
208
131
149
86
295
285
239
93
100
87
47
185
36
138
199
38
186
131
197
188
104
11
256
106
76
196
217
302
21
126
145
290
208
133
299
175
126
247
112
137
159
276
144
308
99
117
149
98
194
129
283
110
284
63
66
186
64
171
264
160
24
9
133
218
60
183
180
108
81
12
45
131
58
131
170
66
162
102
120
85
72
251
297
209
231
113
156
295
316
303
132
41
39
175
306
315
301
70
165
84
93
115
76
157
79
125
100
20
300
110
184
295
74
89
55
153
100
129
180
107
28
257
290
235
215
286
76
223
115
292
87
159
73
223
65
46
300
272
304
297
162
180
84
245
317
210
216
75
281
231
95
172
25
167
245
312
85
55
135
56
16
100
213
311
40
97
304
86
305
137
115
308
179
287
187
21
193
147
14
4
72
40
59
87
201
155
23
97
92
59
42
102
68
94
209
222
203
224
303
197
292
173
232
74
92
99
293
109
84
52
220
58
310
218
130
306
60
250
294
121
6
185
207
131
244
153
283
114
63
47
197
300
190
335
219
263
52
27
227
292
284
228
101
301
74
298
48
174
272
305
162
288
297
70
236
219
74
191
10
274
296
304
177
221
117
80
295
134
233
83
273
167
292
102
305
309
193
31
152
293
312
170
194
145
240
77
285
186
204
302
264
134
300
98
245
201
149
300
228
304
216
119
131
11
282
117
38
284
192
290
192
310
142
126
40
290
293
176
284
89
129
296
292
296
307
60
84
310
111
289
218
255
201
307
183
230
48
105
153
296
194
311
302
47
33
111
222
216
181
301
135
138
66
200
166
86
155
55
73
91
302
196
305
294
215
293
124
99
162
137
63
333
97
294
226
154
310
206
47
298
296
171
167
293
232
205
126
45
306
308
126
129
137
45
116
304
275
230
278
126
41
98
160
299
135
303
187
315
84
102
225
280
151
114
82
140
325
236
311
292
294
274
237
86
3
183
278
157
263
139
337
81
204
112
10
295
11
179
309
286
192
52
229
42
138
81
307
291
210
38
156
155
303
305
308
297
285
58
191
321
77
243
133
43
39
137
79
183
28
118
11
32
245
40
83
47
22
99
16
32
62
11
297
147
100
310
35
3
20
118
68
298
305
29
226
308
302
144
158
125
69
21
306
302
104
41
86
292
178
243
105
118
309
307
50
210
36
39
301
175
153
11
202
141
268
301
303
298
282
160
282
308
291
62
103
76
103
295
158
134
195
305
130
72
154
107
249
156
94
138
90
259
294
215
311
292
235
284
237
83
37
256
224
209
254
311
160
97
88
85
77
114
163
265
318
140
63
296
102
27
70
214
278
298
182
294
150
196
75
163
38
318
159
191
223
288
309
172
300
31
185
308
192
12
319
309
43
299
192
336
306
134
197
165
5
135
132
76
139
127
308
99
10
297
55
36
175
231
88
222
234
134
298
138
61
225
155
255
95
303
188
110
81
183
5
306
271
201
196
30
169
197
175
85
203
213
300
211
119
250
177
34
234
288
302
314
157
46
54
14
155
315
193
281
205
156
56
168
21
132
168
32
118
293
71
206
17
192
309
283
201
148
292
131
18
1
237
179
140
200
153
208
210
65
59
310
301
270
9
74
209
181
252
156
126
105
79
319
150
113
167
283
118
296
140
195
296
58
252
303
213
74
50
161
185
100
163
77
285
79
280
316
306
307
307
158
39
137
294
305
152
302
117
243
116
79
120
311
201
104
32
86
303
57
20
16
194
96
112
290
205
131
118
280
63
232
133
44
56
23
302
189
150
30
103
110
281
80
24
43
152
267
77
162
23
302
114
175
304
203
266
123
154
200
300
37
138
298
244
128
301
299
87
306
66
281
303
192
224
303
304
187
284
311
293
155
263
301
267
150
57
310
75
141
138
210
165
51
120
156
40
278
179
315
88
107
148
163
25
123
197
41
239
161
296
273
195
309
296
306
111
222
306
308
296
307
129
166
57
85
104
160
63
146
303
278
105
305
253
154
104
308
283
296
282
168
87
336
178
100
57
279
188
297
308
308
195
72
51
114
260
145
163
48
16
130
235
34
66
301
89
3
111
112
270
310
171
305
310
308
121
311
120
313
34
123
145
166
128
211
70
247
83
317
280
212
243
59
142
107
305
296
100
171
302
46
231
5
312
223
166
305
148
300
136
67
159
114
42
191
284
194
302
286
161
18
220
310
210
169
315
283
137
53
92
95
249
120
39
286
262
297
52
96
309
201
66
167
30
62
33
54
284
24
36
253
299
104
264
136
282
300
307
149
274
265
116
115
294
297
306
292
128
133
327
178
309
224
286
132
77
123
282
135
124
54
135
296
200
179
141
294
160
304
109
303
318
293
156
321
149
302
144
70
272
308
317
308
87
282
33
19
300
113
299
179
96
124
142
293
313
304
286
134
295
223
234
298
90
293
281
299
122
192
126
310
11
114
80
292
46
114
99
201
150
298
284
140
51
96
130
165
297
269
301
312
118
82
301
309
151
309
55
151
157
218
208
312
43
289
287
107
191
10
201
139
57
283
175
37
61
278
280
234
144
158
18
126
291
12
128
282
287
287
301
167
14
281
281
211
292
306
115
314
296
79
151
142
48
285
119
63
301
302
261
299
75
286
55
311
295
312
284
288
294
143
53
279
166
12
1
294
81
33
284
305
298
161
89
285
309
177
125
323
303
81
310
289
222
290
329
27
144
309
114
290
228
219
293
300
187
143
296
300
295
313
86
11
85
132
207
15
121
238
130
291
136
134
268
303
267
267
307
236
75
301
123
289
179
22
130
166
303
289
311
274
298
225
57
72
51
306
123
77
184
299
138
143
60
73
208
180
7
119
4
296
307
244
309
372
34
205
168
295
97
298
291
170
131
236
144
52
286
180
156
308
270
129
111
174
120
111
239
155
142
313
172
267
222
300
305
302
223
298
291
22
125
79
88
287
138
311
290
314
122
68
300
78
184
298
80
297
305
311
66
190
16
194
308
284
302
292
106
213
282
219
295
300
137
8
33
112
128
60
302
173
182
293
277
306
111
126
61
223
228
305
295
284
110
100
88
84
43
152
311
52
158
224
302
106
108
33
42
237
297
96
113
100
89
79
303
314
240
302
307
259
70
279
310
93
86
33
124
83
304
278
244
274
147
148
53
129
331
65
300
281
306
190
85
109
129
297
302
252
306
280
275
76
35
170
284
293
291
311
308
103
208
121
300
259
294
309
195
59
168
110
192
60
111
79
120
241
246
97
256
126
297
203
116
284
34
133
184
155
155
100
23
210
289
306
133
297
150
140
13
227
302
49
163
81
137
109
310
273
39
133
179
211
152
137
125
307
158
38
306
95
240
302
15
28
307
310
179
130
156
298
89
317
227
290
216
147
291
228
298
37
10
303
108
87
10
123
28
71
100
104
168
188
115
30
208
250
121
59
168
134
286
296
122
285
150
312
301
321
97
91
68
272
46
306
295
173
251
304
300
303
131
295
78
239
305
308
202
300
141
178
174
116
314
68
95
302
285
345
38
255
191
154
181
163
64
303
193
312
112
162
230
193
290
129
40
47
5
43
298
197
53
137
230
246
123
295
188
310
119
154
300
239
308
179
280
119
301
269
311
283
71
294
253
183
264
224
96
32
204
293
256
262
96
100
210
157
49
89
67
84
73
46
127
17
313
93
296
294
60
146
42
175
75
153
283
288
193
306
35
170
211
87
291
136
47
260
250
198
11
160
157
285
169
158
165
304
167
20
47
308
296
312
56
214
314
319
319
205
293
289
142
109
307
306
305
284
253
172
210
290
233
236
305
137
282
314
277
142
74
113
91
223
307
229
113
291
311
119
156
321
126
39
308
158
334
269
286
275
129
158
258
294
290
84
93
216
195
167
128
92
119
55
45
22
319
277
293
312
139
269
253
114
145
117
77
72
205
296
137
109
209
276
107
60
69
110
104
87
103
211
290
62
44
42
83
252
120
133
310
31
150
305
76
294
175
299
309
146
265
279
53
147
136
236
298
60
32
104
62
150
128
98
306
260
302
152
110
139
60
310
69
304
148
55
297
34
35
305
227
252
199
43
34
265
173
113
42
292
305
84
182
25
189
309
290
164
190
305
229
223
67
125
125
131
2
102
127
53
127
12
307
297
213
56
295
198
112
146
301
315
184
120
307
305
216
313
246
296
272
75
135
35
290
39
177
37
7
127
334
65
298
78
312
115
109
102
41
114
299
303
145
9
104
190
304
186
21
165
233
306
130
141
96
23
148
294
185
282
2
156
267
310
13
135
303
294
121
290
278
149
295
304
148
42
124
304
120
213
292
278
302
60
305
107
286
219
56
48
65
112
30
156
130
33
189
290
27
34
169
301
103
311
56
299
295
272
291
293
277
281
141
308
302
164
294
126
303
313
146
19
72
292
119
283
75
318
54
295
195
42
121
53
152
232
299
187
82
243
265
309
295
301
77
36
154
107
287
196
254
313
95
299
292
82
196
301
146
232
113
275
99
200
224
229
305
151
78
320
181
302
94
66
300
221
178
65
289
263
310
283
309
285
296
112
225
195
178
85
284
270
274
87
135
291
299
195
314
327
96
95
86
201
158
132
174
81
326
92
303
93
97
204
41
57
296
265
61
100
184
287
156
311
144
294
306
297
306
278
299
109
83
66
287
298
306
206
308
218
78
278
291
216
41
55
159
152
220
293
297
204
202
250
101
112
295
76
47
53
296
299
119
248
301
232
151
20
275
308
218
135
90
24
278
294
5
176
57
127
90
178
106
296
106
283
59
132
144
57
318
60
66
170
145
235
270
300
293
134
131
285
188
305
171
336
52
280
124
78
104
305
196
299
148
63
42
100
45
240
101
90
145
63
91
126
33
292
312
118
22
153
1
110
145
33
125
89
85
297
293
211
46
151
91
213
308
197
55
280
179
289
238
154
299
304
211
32
151
237
211
81
186
37
146
61
127
200
298
132
163
75
44
302
296
292
291
120
81
6
42
311
149
109
299
283
289
13
5
129
227
281
29
303
275
296
304
122
268
269
287
311
30
216
279
302
94
18
303
232
292
126
65
102
272
29
161
118
73
100
206
83
131
195
37
38
54
132
227
186
308
192
259
299
157
73
27
127
226
275
171
115
274
109
87
83
26
308
285
311
258
132
156
68
231
67
45
299
112
274
141
296
143
288
107
221
174
69
139
309
120
308
101
277
210
308
174
40
242
119
291
273
141
303
80
101
311
280
75
25
317
190
218
65
287
141
33
302
300
295
109
295
57
33
17
81
294
304
259
231
283
176
89
85
67
185
262
300
82
299
46
281
183
56
43
85
307
120
291
292
280
309
106
100
149
306
90
35
93
112
109
278
157
293
118
276
141
154
95
255
303
311
319
245
297
29
305
89
64
90
120
307
98
176
87
131
213
108
58
176
301
68
150
125
100
63
22
111
306
154
125
108
190
305
128
217
276
285
288
292
181
43
182
160
83
301
163
112
310
273
318
235
230
308
177
215
301
309
293
261
57
38
303
54
88
150
92
315
92
261
114
258
208
79
122
150
265
293
94
278
144
43
166
311
300
267
287
189
33
89
114
291
308
290
72
290
274
138
66
241
185
293
305
200
3
299
99
297
267
10
131
242
288
289
123
267
311
295
81
113
294
204
86
285
104
4
247
129
45
77
132
254
274
69
135
195
309
306
62
226
208
258
306
100
69
61
296
289
266
235
139
309
131
155
168
131
74
283
54
291
225
288
295
152
169
298
339
284
27
142
202
94
304
317
278
64
291
72
163
290
287
280
308
267
61
166
340
263
110
112
135
227
8
228
277
48
137
13
228
190
58
134
274
114
287
42
174
134
75
103
24
84
289
308
303
46
274
237
58
306
305
284
45
306
305
107
106
267
295
138
51
130
326
182
145
306
305
286
306
314
293
128
251
295
261
55
25
149
302
91
232
247
303
232
241
133
53
299
32
133
281
282
130
97
96
314
225
275
314
46
154
291
63
211
305
288
282
281
80
131
163
281
82
52
296
142
189
304
137
311
37
152
219
97
157
308
310
310
175
148
309
48
228
279
98
106
69
39
314
106
320
135
280
192
304
57
302
147
310
304
92
311
62
194
208
4
109
159
41
247
300
186
233
103
169
73
296
105
100
287
215
206
103
302
35
159
211
149
283
67
117
173
95
210
7
76
109
123
248
131
122
88
305
316
310
117
83
132
54
339
202
38
69
135
153
308
150
318
88
111
331
102
41
76
142
282
173
202
235
165
282
292
290
142
33
303
233
21
301
96
17
202
284
288
261
174
165
109
270
308
289
75
225
307
283
64
140
62
122
169
291
273
116
291
131
226
116
134
95
75
133
77
185
301
179
300
313
300
4
96
138
301
124
113
24
162
292
292
158
21
151
303
287
23
169
270
123
176
7
302
282
285
70
266
231
53
35
273
197
91
128
127
279
86
191
29
140
329
308
230
309
132
309
285
74
97
116
118
168
50
157
157
92
75
265
62
30
253
56
316
288
264
302
77
64
151
297
179
34
294
288
167
11
80
92
72
305
310
227
144
291
325
308
310
304
311
293
223
308
297
298
307
118
295
163
153
245
311
41
285
309
280
285
299
268
77
77
293
238
46
55
158
69
93
302
294
113
296
81
108
117
19
61
303
148
25
321
36
67
192
171
41
311
46
298
295
281
291
291
294
153
56
64
130
309
314
111
300
292
182
23
294
306
244
306
179
307
70
41
148
290
293
322
308
133
53
91
130
78
87
224
318
205
259
304
140
140
315
305
301
52
34
289
314
296
40
111
40
272
148
27
40
305
146
55
316
148
275
49
153
128
285
179
62
287
299
313
297
309
326
128
120
31
301
226
307
162
192
23
184
269
166
135
81
78
70
293
164
132
65
129
15
233
279
308
79
64
106
310
287
298
319
165
121
76
55
288
298
265
19
128
191
274
304
283
296
176
9
167
284
192
5
167
287
121
88
281
290
279
292
292
233
189
131
140
63
144
162
305
154
52
141
49
123
290
197
54
272
20
154
290
123
98
292
7
190
306
178
203
309
283
296
78
148
175
130
272
100
166
56
36
134
307
201
88
67
159
305
164
105
153
311
308
243
265
33
125
302
35
191
103
298
302
246
136
41
311
220
122
288
30
146
311
287
167
21
247
39
305
288
87
324
58
207
289
295
97
77
279
251
75
64
281
298
127
46
294
200
54
304
154
310
79
50
122
26
197
233
152
305
166
117
168
282
324
194
20
77
99
44
189
298
149
96
140
280
301
296
289
300
247
198
302
290
10
48
232
71
113
299
309
291
118
140
308
232
281
104
299
320
142
148
61
289
102
54
306
283
120
258
107
82
88
303
293
301
254
236
280
272
310
76
121
302
309
125
67
239
133
280
152
233
146
49
285
305
39
10
308
310
318
3
38
169
27
263
86
82
310
176
23
194
301
92
298
183
224
299
60
288
30
48
322
42
283
306
170
295
120
228
46
143
280
289
309
100
190
8
194
322
316
97
334
116
298
302
281
283
298
113
301
170
171
52
273
313
85
298
270
289
306
184
38
115
198
286
301
296
295
311
315
332
159
305
193
102
82
78
236
296
58
146
175
41
37
68
298
309
122
52
61
309
288
69
40
137
312
131
222
20
179
135
307
90
167
66
304
299
100
59
66
30
86
263
1
25
302
297
275
169
136
301
312
17
162
327
149
56
324
62
306
311
298
111
58
30
160
92
291
150
66
295
312
226
297
298
51
287
314
222
216
337
28
7
317
107
101
312
200
3
130
200
47
305
199
327
329
307
271
47
82
113
286
48
275
299
312
121
295
305
306
281
291
114
239
299
229
217
79
199
295
308
100
114
278
284
304
117
95
195
305
217
67
39
148
122
285
280
289
117
81
216
33
12
141
94
301
172
176
137
180
180
260
281
280
141
38
297
154
311
299
308
289
293
300
214
298
262
49
235
308
262
292
321
305
288
183
313
285
292
315
248
292
292
297
183
7
249
142
296
288
138
216
206
204
125
117
234
280
70
69
105
60
147
53
168
228
296
328
201
14
190
188
35
89
192
97
156
65
89
65
167
298
85
177
84
13
302
155
310
139
132
80
87
157
153
253
115
269
168
82
79
167
297
166
32
101
296
287
63
236
308
176
106
251
255
6
146
27
69
334
144
148
104
282
129
281
290
299
223
305
299
281
89
114
61
74
297
326
296
305
96
88
295
303
66
48
128
126
316
306
299
118
303
108
253
300
202
103
140
299
100
93
43
115
96
147
80
143
335
294
310
271
107
55
159
316
131
306
136
288
62
316
55
313
305
132
289
113
302
223
288
290
298
149
50
213
263
283
281
126
138
295
159
99
311
301
310
300
312
305
12
197
82
63
208
119
127
290
312
293
287
66
287
308
33
116
159
66
103
302
298
273
112
212
250
290
87
55
240
246
316
297
274
127
277
303
191
214
175
309
87
162
98
42
236
295
324
267
68
74
165
91
303
215
213
299
301
299
289
306
138
117
134
20
78
152
275
308
105
300
290
307
69
156
55
167
316
195
293
221
273
311
274
273
196
161
322
251
311
311
336
147
65
72
52
89
111
158
309
308
303
284
136
306
111
60
295
229
255
301
261
152
211
295
295
300
304
15
157
310
235
144
40
304
202
312
130
130
64
323
112
268
295
215
309
283
306
66
199
141
69
141
184
8
289
303
268
136
299
308
186
292
309
85
37
146
303
161
71
300
130
220
193
298
152
244
293
273
172
277
119
5
166
12
278
303
185
216
295
170
89
310
138
177
302
306
177
103
6
319
19
104
307
192
313
245
298
295
82
119
151
228
51
92
134
18
307
301
304
258
63
57
301
130
124
246
162
266
294
53
310
199
138
247
96
261
298
268
103
312
158
154
250
222
127
52
141
43
297
175
186
1
162
283
232
50
229
57
114
309
32
92
47
33
299
108
67
48
4
185
92
86
242
288
121
229
50
1
169
146
123
185
114
114
92
303
94
63
78
232
63
199
138
73
164
195
92
96
20
162
10
253
58
308
204
241
72
67
18
19
78
29
126
110
110
226
295
69
3
47
16
36
171
309
55
118
5
271
75
164
317
153
222
131
57
281
287
294
287
148
287
192
126
9
202
206
299
109
284
295
159
96
188
133
93
39
302
57
119
68
1
51
185
160
299
307
313
309
167
23
117
87
196
240
141
117
16
201
303
241
123
32
145
15
292
310
270
239
231
258
299
61
40
237
189
308
147
102
159
304
119
74
77
118
299
202
285
288
146
46
100
176
40
51
1
100
45
34
24
44
89
314
136
57
130
262
65
224
176
299
56
33
275
290
287
300
305
299
305
286
299
95
37
306
104
310
45
287
95
112
117
171
309
308
301
145
138
146
64
200
298
243
280
128
320
183
110
303
308
295
58
305
296
309
281
308
96
131
87
94
154
51
145
6
309
169
42
159
210
293
205
54
90
296
311
71
205
293
323
289
303
89
283
299
128
69
308
307
112
4
87
131
301
22
265
287
12
202
115
45
136
82
28
297
153
51
56
259
153
215
57
148
92
24
197
70
100
46
102
306
66
134
97
288
171
44
55
212
148
288
283
8
77
129
92
286
21
66
217
6
71
102
300
65
63
133
206
167
112
75
17
137
49
23
108
51
226
19
21
46
133
50
58
198
160
30
151
40
315
7
69
15
280
44
39
140
106
99
110
71
122
311
189
118
3
109
49
259
88
12
10
258
21
63
73
197
26
70
108
7
57
186
126
207
172
71
5
161
8
29
11
15
154
187
120
93
64
310
133
181
70
19
74
291
13
2
322
300
189
195
166
299
257
241
128
233
96
56
321
18
61
136
273
314
296
164
272
7
48
60
148
248
127
301
14
107
307
131
229
37
152
5
178
113
299
131
19
168
155
310
307
67
193
139
269
284
295
338
328
300
169
117
93
84
296
279
154
283
161
126
104
93
74
303
299
295
307
104
160
284
183
311
299
280
124
124
68
303
272
146
31
84
299
165
144
304
303
167
117
298
119
50
193
120
286
305
123
34
312
142
173
35
164
293
307
112
91
109
289
297
284
57
108
305
342
312
195
255
16
156
110
49
70
285
71
152
288
67
287
125
307
308
69
128
30
175
177
163
309
239
88
9
169
129
129
306
121
119
209
114
221
294
294
282
103
42
92
292
66
153
115
131
316
112
124
95
295
43
78
121
84
8
42
137
310
296
198
223
71
96
131
109
265
294
155
296
134
210
229
188
304
230
274
310
291
272
177
193
90
286
161
292
94
282
103
75
215
47
130
41
300
283
168
284
113
34
312
98
292
182
340
132
286
293
150
185
313
162
61
294
290
309
42
66
130
164
136
268
206
206
71
281
75
290
268
233
84
309
173
121
115
306
99
140
324
247
297
301
310
35
156
250
95
105
289
185
2
143
292
130
298
75
279
259
285
99
161
84
307
131
300
165
11
25
205
216
234
298
282
134
305
309
282
66
121
129
289
221
98
301
135
122
217
319
162
289
296
138
171
126
57
297
310
165
58
136
103
309
87
282
167
38
169
60
299
155
92
126
157
217
115
247
211
112
288
301
82
111
311
152
60
149
43
237
224
210
45
34
105
135
90
167
217
298
305
120
132
213
267
282
305
280
240
108
295
312
298
11
64
138
64
305
35
180
83
177
83
123
83
97
175
283
121
49
119
290
117
300
168
122
224
303
309
120
161
169
301
252
42
152
299
296
135
13
215
93
295
106
81
145
172
103
102
53
298
220
223
243
87
184
9
77
48
183
138
113
272
314
269
248
283
298
106
159
297
302
61
30
151
315
71
91
215
76
289
178
303
218
239
294
307
70
95
311
309
204
79
59
63
84
202
161
161
97
78
247
103
119
141
89
192
96
91
164
220
52
304
310
111
202
86
314
203
176
297
44
95
131
293
170
300
40
169
58
53
162
180
305
285
72
105
287
306
45
102
310
34
140
202
164
111
283
191
294
114
316
40
170
78
299
280
204
132
124
294
137
66
85
54
269
128
285
70
297
311
129
62
175
207
295
150
309
315
297
177
27
81
314
297
205
128
84
96
307
239
299
312
188
314
198
155
306
310
164
267
142
74
60
42
126
267
87
282
200
271
259
221
81
290
246
1
65
314
260
172
60
54
317
295
302
210
79
294
277
71
266
162
342
294
129
130
44
177
249
130
100
82
127
246
241
283
310
63
105
52
172
208
285
163
175
126
120
231
246
305
165
288
97
247
21
123
64
267
257
37
177
189
52
54
84
80
190
316
200
39
314
48
303
143
51
209
307
231
186
312
277
61
51
48
124
130
69
197
117
167
6
74
323
89
299
285
279
303
311
95
295
279
324
282
59
85
197
22
194
49
73
155
129
302
88
108
277
233
67
170
167
210
299
322
302
279
301
280
285
211
1
69
289
307
162
307
80
115
195
149
310
312
279
126
190
285
297
298
109
177
298
251
307
110
60
112
73
297
285
220
281
67
298
144
292
123
291
292
24
61
310
126
25
127
172
304
291
69
168
219
273
229
240
290
129
66
152
284
28
175
126
258
293
221
278
304
68
14
85
303
218
129
143
312
279
113
70
300
300
179
7
125
110
51
165
293
302
116
151
287
337
187
158
320
220
153
34
137
122
58
57
146
57
327
39
35
149
151
78
115
311
67
191
146
309
149
117
103
156
262
233
328
199
200
105
296
176
235
158
170
254
138
335
211
110
103
170
303
91
329
46
75
57
95
271
320
118
82
209
78
289
68
112
66
119
290
75
282
97
227
277
92
305
304
265
238
43
160
205
121
154
77
43
56
300
304
175
73
147
294
264
282
286
302
306
117
48
226
120
304
99
224
292
294
301
299
84
184
299
268
177
306
119
302
164
229
223
283
17
109
70
126
130
77
40
185
137
68
126
36
123
303
161
41
124
60
153
305
111
58
145
207
143
189
225
61
256
64
302
206
307
158
44
281
269
146
166
291
53
21
134
89
296
111
84
299
129
297
88
241
278
187
19
267
57
197
191
169
219
282
168
171
274
290
126
44
303
197
21
120
298
288
285
210
221
288
100
193
43
279
261
276
115
308
293
227
81
46
68
167
302
89
301
282
93
265
207
108
40
48
195
180
299
70
292
134
288
194
60
142
94
307
280
314
169
114
80
141
94
122
291
299
138
312
204
158
235
301
255
213
65
189
314
104
289
298
91
303
298
275
305
87
82
16
27
59
16
41
56
305
309
310
310
297
142
144
47
310
308
305
144
19
167
309
304
161
201
136
240
98
316
30
288
135
138
34
40
211
89
48
90
98
114
125
180
26
294
298
92
38
50
85
241
303
184
315
115
87
202
79
79
155
128
83
139
136
14
217
114
238
63
45
93
158
107
251
183
151
16
83
47
86
95
133
124
2
85
301
174
272
6
78
295
233
302
53
149
36
132
210
274
218
49
9
171
15
80
158
211
18
199
162
112
74
130
224
79
60
92
26
204
305
289
108
290
302
46
303
114
33
41
21
27
19
302
271
201
107
309
71
114
220
305
33
127
107
322
294
69
311
41
76
301
55
156
207
299
195
317
320
34
173
141
227
15
255
87
143
41
295
129
225
118
109
280
149
230
217
251
46
278
173
64
306
301
263
298
98
69
293
41
135
308
69
124
104
133
67
178
137
329
134
49
36
73
72
238
155
85
245
67
44
98
165
238
97
82
161
90
58
51
283
228
225
277
40
133
283
47
79
314
100
31
74
297
192
71
108
113
41
181
281
114
120
96
20
76
53
166
283
239
165
93
134
124
51
107
91
296
53
103
219
142
180
232
82
283
48
149
122
73
141
98
293
37
70
88
41
300
15
204
51
152
106
160
107
35
166
202
40
184
120
97
60
134
69
293
12
197
193
304
6
183
153
212
208
293
131
58
143
305
50
84
304
312
98
112
78
72
65
296
285
151
72
288
91
86
189
309
305
300
171
155
304
73
303
325
160
95
61
158
141
207
244
84
34
205
90
294
324
145
57
186
24
106
116
303
172
134
227
166
132
179
179
91
301
294
73
287
65
296
217
283
135
295
260
26
109
309
289
296
249
59
81
135
286
122
292
171
251
100
294
18
264
303
289
147
301
297
137
162
258
148
169
293
314
82
310
73
139
303
296
116
120
294
62
50
169
142
315
278
149
302
281
272
304
9
157
309
132
336
128
136
88
173
338
205
238
194
202
201
27
209
160
225
308
307
95
301
76
85
297
230
295
281
298
53
95
235
297
261
205
135
172
54
146
64
292
164
106
120
260
185
147
132
123
159
149
50
72
218
225
59
148
107
122
209
77
305
78
309
194
111
119
201
115
119
186
224
267
213
309
117
272
91
79
211
80
231
85
59
24
156
296
64
139
93
194
114
49
127
308
182
312
66
74
186
310
194
303
127
179
327
205
96
122
308
183
212
4
193
290
309
308
282
84
178
197
75
17
246
197
192
106
244
289
132
303
165
302
303
279
290
309
300
132
88
97
148
97
207
107
78
182
301
308
296
300
40
225
173
82
103
231
191
111
307
132
78
98
49
301
259
232
145
171
307
134
236
177
15
190
356
289
200
158
99
91
201
89
125
152
277
118
56
210
120
98
311
54
298
291
18
185
50
154
48
98
245
188
100
302
296
100
314
311
118
180
294
227
301
168
135
164
265
288
158
102
204
175
361
307
159
172
60
134
96
116
101
234
296
216
33
207
68
74
164
128
284
198
273
73
174
18
200
149
297
147
312
300
195
100
278
111
199
50
305
310
311
136
80
155
162
19
31
92
290
301
140
131
104
213
306
305
217
188
101
163
283
282
292
329
85
209
206
319
155
225
254
259
86
130
291
65
98
310
93
157
45
40
119
27
132
287
23
129
319
273
238
302
299
46
159
186
294
200
19
292
287
281
308
158
199
170
119
299
178
308
179
174
156
74
294
169
121
256
42
118
290
216
297
298
310
232
22
140
46
123
333
272
303
95
238
139
67
116
71
93
298
41
24
299
81
295
300
299
243
61
152
307
208
248
237
292
278
121
151
16
18
165
105
282
258
74
173
85
136
214
280
300
273
109
48
96
175
202
226
155
40
256
286
302
148
315
329
273
153
174
182
133
329
4
120
43
195
82
293
300
320
119
131
300
92
101
151
114
295
299
303
310
227
310
242
224
268
293
68
35
109
308
307
127
124
35
50
308
139
202
66
286
296
109
271
295
130
301
47
17
240
157
133
195
151
22
188
308
150
135
210
222
6
99
258
240
293
200
93
38
291
154
282
215
128
127
302
294
168
39
178
303
140
176
268
305
311
288
272
299
84
319
101
107
89
207
3
155
85
79
306
141
25
296
262
151
284
235
49
191
306
302
132
298
111
318
69
284
125
300
143
240
285
25
73
134
77
298
310
295
121
295
308
150
185
22
307
303
207
268
240
309
144
108
79
35
127
170
111
264
315
229
292
155
261
157
181
126
303
296
301
306
133
308
331
302
141
279
79
48
191
296
206
180
130
70
61
277
188
121
213
302
145
11
69
310
250
97
192
53
87
53
74
95
91
182
192
297
305
190
13
285
187
169
145
112
82
291
168
159
304
127
58
310
56
300
92
234
47
223
250
68
187
224
190
286
134
300
173
2
68
108
94
105
158
33
4
31
16
130
20
134
144
277
157
29
77
204
135
303
105
195
279
121
38
118
10
25
22
304
11
189
152
5
14
311
176
123
219
79
206
262
293
30
91
178
16
60
306
198
171
263
242
275
44
329
130
235
324
108
87
142
301
105
60
101
3
115
40
295
265
236
12
282
311
306
149
107
215
67
313
135
292
120
52
213
55
101
302
134
268
289
129
282
7
149
185
169
122
181
128
8
180
166
45
299
7
30
119
103
177
160
297
38
74
64
120
112
23
307
76
296
122
164
79
250
306
325
126
1
194
162
172
309
5
115
292
5
194
151
113
44
96
209
312
183
96
302
311
187
184
136
61
288
291
145
272
62
48
71
87
325
127
272
63
136
304
299
293
294
197
127
308
176
187
273
300
298
106
139
299
251
177
299
169
75
326
46
169
23
220
307
101
16
306
129
113
166
258
181
35
290
95
301
36
298
153
286
292
305
236
218
176
37
170
7
192
303
299
303
123
159
175
11
45
164
275
230
338
85
122
11
7
51
36
73
142
303
282
245
271
131
302
175
170
108
296
131
91
220
285
89
313
267
22
309
154
149
201
239
102
51
28
43
123
8
44
211
172
89
299
109
61
65
13
124
294
270
239
144
126
316
46
6
266
277
248
73
33
291
100
61
73
308
307
105
4
117
112
172
163
126
12
87
9
292
218
312
337
176
299
105
51
287
310
302
114
99
103
303
198
300
163
65
117
62
292
314
159
288
47
109
286
25
13
128
307
154
8
313
132
70
162
163
15
288
167
124
41
244
309
166
158
168
48
293
84
124
298
117
310
62
33
13
300
67
236
290
286
64
69
141
104
52
314
176
283
199
307
187
311
57
194
79
103
276
280
308
95
294
252
83
293
5
177
284
57
191
308
314
303
308
278
308
60
220
304
296
304
282
307
151
211
2
102
277
289
299
309
132
304
290
313
310
137
89
51
294
296
231
106
305
178
271
310
234
123
110
269
187
290
115
315
210
45
107
206
151
141
84
162
298
282
283
295
37
287
57
22
300
156
296
311
311
43
309
141
43
188
71
58
159
239
126
79
279
111
158
293
305
293
175
282
300
127
256
159
108
298
323
259
108
69
271
55
94
295
299
294
219
140
294
293
281
300
232
107
305
95
136
39
167
136
33
22
179
11
192
305
284
301
68
117
197
122
152
210
291
92
283
119
310
299
318
70
109
301
237
306
301
295
102
75
311
84
297
309
163
306
135
313
136
89
312
307
309
86
146
299
288
173
77
123
39
345
305
310
201
216
143
284
307
143
307
287
301
170
269
95
194
120
298
311
76
108
301
173
307
309
58
270
292
292
292
155
302
308
72
95
85
306
161
46
311
303
308
305
283
163
16
58
286
138
202
15
299
87
45
271
99
93
21
39
287
142
137
128
55
240
278
291
300
306
148
300
292
301
288
178
30
28
63
167
305
315
57
79
291
272
136
297
133
209
276
232
303
302
306
298
269
124
44
178
294
171
315
50
292
290
149
293
114
279
120
67
102
77
302
297
104
69
238
311
60
305
310
206
178
300
20
172
289
224
237
291
312
172
29
200
43
44
310
134
185
226
47
117
307
308
281
82
64
292
204
188
155
292
152
316
296
373
94
283
88
313
64
96
99
302
306
271
147
176
117
91
300
171
311
297
308
322
5
188
312
142
249
300
275
292
308
300
114
92
299
137
97
311
311
298
74
56
309
285
111
88
292
240
304
280
17
79
306
295
172
296
40
116
292
206
113
72
82
237
93
126
288
307
127
105
221
293
242
79
56
68
178
204
296
307
65
282
295
127
77
124
121
203
298
114
300
149
146
305
127
68
99
242
228
299
19
307
250
284
61
294
314
197
49
154
212
300
298
239
60
77
73
265
274
294
25
75
328
324
302
283
51
56
132
202
264
306
308
232
103
283
337
297
295
293
42
105
108
307
306
128
80
304
304
76
33
197
75
31
99
195
44
150
85
308
267
301
311
305
122
299
282
306
91
237
282
150
80
207
268
286
82
296
303
180
265
111
184
27
219
216
256
141
30
150
154
266
166
29
307
10
157
59
297
78
118
69
263
308
102
53
23
121
73
83
296
333
308
125
309
64
132
175
298
164
125
111
72
317
317
302
152
300
317
37
53
293
119
234
169
146
271
202
194
143
299
303
154
322
127
294
134
233
94
292
156
307
133
294
283
164
130
312
304
299
293
129
294
298
280
249
308
296
312
292
308
297
299
288
220
303
294
173
130
61
139
163
328
309
308
5
122
242
135
64
240
48
134
289
281
172
127
229
307
111
90
303
298
270
109
304
57
82
296
238
38
154
67
328
295
50
14
62
111
146
294
294
120
309
161
65
310
284
310
308
298
275
135
293
70
206
295
118
285
304
296
293
102
115
71
298
112
254
218
301
294
313
311
168
288
314
290
125
172
35
165
270
89
303
67
311
94
308
111
284
62
298
108
310
302
281
309
37
105
49
135
232
307
309
281
125
145
138
51
55
37
297
273
300
273
311
213
300
102
303
9
300
303
36
103
175
47
225
104
319
37
78
93
137
127
206
57
39
80
7
24
92
155
117
19
34
126
82
291
67
34
25
118
298
46
97
304
270
291
293
131
47
271
40
47
288
199
83
291
94
62
299
300
98
132
300
289
266
296
94
62
107
144
298
263
292
273
101
282
305
302
222
314
303
31
183
295
2
202
211
301
228
182
87
62
291
276
294
185
298
79
46
289
121
298
86
310
105
219
308
26
185
280
230
290
300
273
241
108
122
289
163
302
286
149
120
294
34
132
95
23
208
32
129
162
211
152
296
298
288
303
27
57
69
224
22
297
93
168
205
270
191
14
40
92
247
324
280
127
51
118
153
84
57
306
62
301
282
193
293
171
298
299
231
171
308
165
310
56
168
120
160
87
297
155
236
188
300
139
264
138
219
291
107
144
317
217
165
137
307
169
267
204
159
289
305
61
301
320
139
166
109
139
106
180
170
215
308
53
55
297
98
305
123
156
104
80
204
291
270
157
300
309
268
309
309
262
110
91
303
162
305
145
130
298
267
289
121
308
108
291
40
303
200
126
281
123
183
290
167
298
293
300
148
140
225
46
170
57
22
282
77
56
303
306
115
144
157
295
301
183
312
310
146
306
55
129
306
93
295
318
301
285
298
297
151
290
253
178
291
171
129
301
184
150
282
136
123
301
286
177
304
250
306
147
118
52
56
273
178
170
33
296
296
309
311
152
32
53
124
229
296
309
297
92
63
306
60
138
315
51
7
303
132
224
180
296
304
244
54
282
71
225
36
281
18
281
276
228
64
290
303
166
54
298
123
306
307
278
134
94
282
297
287
59
129
310
280
125
144
304
57
258
102
307
91
117
226
80
43
53
298
84
168
308
23
276
80
301
88
90
38
101
131
294
51
133
52
299
166
69
307
156
68
40
88
290
201
131
67
117
289
281
95
299
25
161
208
255
144
276
292
157
54
120
18
286
17
16
113
198
129
174
33
64
150
68
294
325
49
158
60
90
268
323
23
131
173
80
302
50
161
39
289
135
115
294
175
296
298
328
170
285
116
31
134
280
185
233
292
54
308
260
121
88
94
174
89
230
7
219
310
289
30
368
272
289
40
80
93
116
163
22
128
32
107
142
48
181
25
299
274
114
47
161
13
294
314
138
10
68
235
76
222
322
51
21
89
308
254
127
87
302
105
297
39
130
154
301
300
49
31
233
80
299
241
301
280
205
96
73
12
92
130
53
110
246
308
244
139
114
49
305
34
146
277
117
37
117
309
2
195
111
30
37
277
28
90
306
308
235
185
200
308
77
57
120
190
130
168
110
303
78
100
115
71
235
78
304
132
21
305
110
128
143
180
95
85
305
257
190
290
73
33
55
94
113
65
219
283
114
4
69
26
78
73
150
55
245
297
79
302
296
215
119
17
73
123
97
175
44
302
114
219
283
120
306
247
40
135
132
256
86
105
295
300
82
72
51
94
132
149
142
135
311
11
137
79
42
4
213
173
271
54
154
157
85
302
220
58
25
151
274
14
302
95
59
306
295
176
262
184
19
284
298
232
249
276
123
73
303
292
74
306
297
59
158
300
17
206
24
102
305
152
295
24
69
157
7
299
272
302
306
35
149
58
147
77
316
109
314
213
101
10
310
87
284
28
242
308
160
282
208
199
300
115
311
76
93
199
56
289
219
324
91
85
290
191
164
292
265
4
120
2
112
86
49
72
298
10
130
129
282
29
303
291
272
49
182
42
92
173
92
270
102
138
49
308
152
302
83
167
4
124
87
293
147
44
149
292
97
118
295
84
51
126
310
298
206
237
102
122
182
164
306
291
94
93
100
39
92
134
239
294
119
39
316
318
302
286
300
115
91
293
275
162
286
193
312
62
85
268
232
57
146
138
207
192
23
95
19
93
289
291
303
295
296
301
116
116
61
270
109
82
161
308
288
295
291
147
275
289
83
128
234
189
72
299
281
114
125
135
95
292
299
311
115
178
172
241
110
70
24
78
114
270
331
286
303
211
62
194
108
308
115
308
311
161
120
154
309
78
21
48
299
68
297
26
287
288
122
126
12
285
293
322
303
271
6
123
303
302
312
150
162
279
303
36
294
294
236
86
266
301
207
45
83
92
47
138
55
24
113
302
295
21
191
37
95
293
126
79
74
110
306
1
287
134
55
313
78
127
300
153
292
140
168
137
106
280
132
77
210
313
300
175
145
310
1
137
219
309
294
255
269
72
112
299
308
304
283
151
134
120
282
176
286
277
301
292
42
162
318
323
295
79
298
290
303
9
186
271
98
295
306
10
103
68
170
104
67
193
142
33
161
106
71
109
295
11
25
150
81
51
38
115
302
238
195
82
123
18
177
109
128
212
78
299
161
73
109
306
308
127
181
159
200
295
113
26
285
272
72
98
301
310
302
216
160
115
286
247
303
107
286
31
118
120
271
198
131
233
283
97
53
305
186
310
96
112
149
201
173
211
114
133
186
53
172
153
311
297
293
71
135
103
286
99
294
133
292
170
134
340
150
124
91
172
162
242
280
310
303
84
205
234
101
44
296
59
257
81
310
27
129
30
21
42
136
154
155
213
147
310
296
102
132
30
72
95
198
170
245
297
88
94
206
300
23
233
304
297
166
138
292
281
94
296
318
54
285
79
235
158
88
172
44
88
303
309
102
194
111
223
55
60
146
87
29
130
26
40
167
115
300
293
215
21
108
47
37
310
310
224
173
88
195
227
239
161
108
40
25
48
126
151
304
296
160
201
157
239
241
78
96
302
297
113
52
120
81
115
83
72
267
124
314
280
215
133
144
131
244
152
290
71
312
177
43
110
67
134
119
112
128
73
99
50
78
161
87
22
120
154
101
158
132
301
113
296
143
164
306
35
56
161
303
251
297
285
345
338
129
201
100
190
81
114
127
216
192
222
162
129
300
69
260
84
240
294
76
205
317
244
297
142
227
73
220
241
154
232
166
305
118
161
310
301
112
299
95
183
300
263
277
61
99
302
309
177
267
216
1
230
95
114
115
307
295
198
50
294
60
58
106
223
287
58
185
264
293
238
293
101
17
164
300
187
307
98
237
197
297
113
306
110
70
62
130
307
148
176
292
164
219
108
59
82
268
135
301
172
183
296
35
149
303
76
66
231
302
171
296
149
146
54
129
109
196
162
302
296
106
136
105
307
266
122
298
215
163
237
204
129
159
202
309
245
113
308
295
166
59
147
305
165
208
178
111
316
59
128
228
269
312
219
178
40
36
302
197
37
297
294
65
227
72
297
1
247
191
307
160
32
170
65
178
224
91
112
227
197
309
309
311
126
197
294
58
69
124
310
120
301
114
303
189
313
309
93
282
213
287
176
201
224
248
300
73
118
143
310
169
125
272
187
297
295
175
137
45
235
64
159
132
298
92
298
182
209
80
301
285
58
13
162
274
301
301
255
122
135
150
234
355
247
302
56
220
129
307
307
130
98
306
283
223
111
300
288
158
55
313
75
31
156
295
159
79
319
179
20
281
236
297
200
55
30
306
265
306
73
259
217
112
155
36
29
123
299
111
299
154
4
200
308
300
151
193
66
65
305
138
178
73
258
233
60
289
230
301
302
279
216
264
173
294
278
300
28
100
146
294
195
300
219
81
291
155
76
129
118
294
10
284
135
301
122
57
268
172
286
295
307
305
138
304
16
172
278
154
178
305
293
299
201
302
140
289
203
301
54
302
296
70
302
291
209
290
298
100
295
284
292
146
131
305
296
295
311
295
309
304
306
171
110
289
181
297
280
300
223
295
306
170
152
231
29
161
209
289
254
86
118
114
89
168
237
231
148
21
345
308
62
141
164
135
146
302
175
99
95
311
164
294
229
39
149
308
291
78
125
175
42
292
300
9
299
277
288
290
294
305
313
319
21
256
187
311
289
211
212
114
23
195
170
283
305
158
300
171
290
194
285
321
304
135
304
311
32
297
14
302
72
105
336
299
137
14
86
306
295
313
236
303
89
49
297
148
311
4
101
132
177
305
13
241
210
260
155
8
82
300
33
143
250
116
198
189
293
66
51
73
126
83
283
158
94
154
209
261
182
306
300
68
311
134
297
183
26
265
298
300
296
36
138
42
88
77
128
72
301
142
33
173
135
116
64
286
290
220
304
20
35
71
50
280
84
93
308
119
110
86
177
128
81
297
170
148
72
50
202
58
70
129
50
178
18
128
300
141
69
307
284
220
3
292
301
119
206
152
274
172
298
46
49
232
38
310
277
299
198
35
99
136
65
55
66
5
68
62
11
193
313
85
46
57
83
8
274
289
266
292
97
176
266
134
265
59
301
95
75
120
237
70
69
161
165
25
112
171
3
132
231
91
9
32
202
12
288
260
281
101
48
265
297
116
87
96
69
141
30
292
119
297
304
118
158
108
155
343
316
164
292
295
161
151
148
299
242
108
56
158
310
133
95
107
237
8
282
1
211
292
90
32
83
245
317
135
75
95
320
300
247
34
3
138
149
165
56
288
292
104
3
139
282
69
68
284
39
44
303
86
54
92
142
246
69
25
279
303
197
96
18
193
74
320
130
18
272
307
202
189
57
139
307
307
38
83
196
135
162
207
304
288
293
161
31
295
304
206
294
346
55
294
102
121
314
88
289
303
134
72
301
307
142
289
309
211
91
226
195
226
297
301
305
235
284
67
158
313
102
130
315
181
5
200
106
100
5
116
294
219
119
80
275
28
144
207
270
130
100
164
282
48
37
202
34
103
248
49
297
147
307
52
128
142
282
303
169
310
309
156
125
88
300
296
297
231
125
283
165
140
193
149
304
239
324
114
299
66
309
297
18
186
131
269
17
91
257
308
307
73
98
21
147
301
308
85
90
202
286
239
292
220
193
301
269
165
278
133
311
208
316
130
39
292
305
46
151
300
99
301
313
110
274
299
104
308
303
93
100
329
301
322
105
170
315
190
63
94
293
136
140
276
303
291
147
290
290
285
200
288
236
299
313
281
289
175
242
125
262
69
302
218
131
24
92
229
89
299
182
43
239
120
121
74
304
190
281
297
307
18
175
169
183
293
305
286
269
93
319
303
72
39
94
112
122
18
146
144
58
119
157
62
153
84
97
294
304
71
115
149
56
128
207
104
253
112
42
107
318
96
255
295
214
262
44
153
187
305
298
291
211
105
65
15
183
28
75
121
94
45
290
308
120
112
105
52
265
289
265
301
214
192
201
237
137
110
145
73
302
80
132
169
195
139
138
41
20
120
8
33
93
7
287
54
57
14
189
70
204
103
57
2
24
118
308
106
90
9
144
37
127
300
157
107
41
142
137
78
297
10
276
289
147
249
1
195
92
167
146
118
263
123
19
308
143
129
104
34
205
67
213
88
104
16
314
17
279
168
19
190
216
155
182
134
297
302
295
74
102
16
127
62
120
305
14
113
309
305
235
102
68
120
64
290
181
236
309
160
263
146
172
168
278
303
302
307
304
79
31
286
241
292
293
322
299
300
296
287
229
167
287
148
284
300
114
293
306
294
73
75
202
176
106
289
112
92
42
227
142
11
298
155
304
284
277
249
118
297
164
316
48
117
291
277
180
286
18
285
112
12
224
299
303
312
299
161
31
228
221
164
269
231
221
79
229
26
84
93
41
90
301
279
44
91
117
150
86
289
269
145
255
22
18
20
77
79
236
102
44
55
103
156
31
139
295
340
293
272
284
230
291
94
137
38
296
88
303
300
295
33
310
160
120
311
114
70
310
254
306
303
311
277
294
290
322
276
258
155
124
203
300
292
309
134
5
281
159
236
279
223
311
95
257
261
271
311
132
281
275
289
129
278
61
110
120
301
188
62
140
328
312
307
290
299
13
133
131
97
122
90
255
307
162
146
282
66
57
135
267
128
293
312
309
241
302
127
297
191
121
218
194
292
280
292
293
46
68
254
71
128
44
98
206
269
216
27
88
308
72
294
157
278
281
163
294
55
73
100
109
109
321
304
295
312
308
132
171
128
301
273
5
7
316
217
71
52
286
253
271
132
145
307
156
130
247
144
13
298
184
305
293
304
17
24
154
77
296
299
311
312
283
150
137
148
312
301
167
112
136
309
224
181
308
305
33
203
310
167
298
303
237
204
69
311
126
121
297
77
121
229
74
281
132
183
207
161
222
308
67
251
139
293
107
74
159
145
133
142
213
230
161
85
183
256
294
80
295
286
197
201
232
130
173
233
97
287
102
114
84
305
109
291
111
249
311
224
296
132
37
208
209
298
160
97
89
298
295
297
129
281
138
59
47
299
145
55
118
14
41
54
62
66
292
169
320
166
204
290
298
112
226
138
171
134
114
298
292
171
206
195
106
76
131
97
309
304
185
303
121
288
115
88
43
149
234
263
22
22
217
168
96
20
310
308
32
123
294
271
207
307
121
327
285
249
272
105
134
298
288
64
77
64
157
294
65
110
294
296
294
309
66
83
58
68
66
5
130
321
307
173
76
12
31
93
199
301
58
124
310
139
183
78
287
309
64
148
99
270
173
226
172
93
298
169
303
268
69
260
100
208
127
231
298
153
174
82
177
241
169
190
327
83
133
51
264
262
142
76
26
111
35
110
224
293
158
57
149
133
187
307
321
299
227
129
12
28
294
37
266
176
107
307
306
102
227
78
8
239
97
58
186
113
281
86
217
160
92
49
150
59
229
208
152
150
31
138
111
71
146
234
185
131
171
308
308
95
121
304
309
59
292
240
256
159
304
257
194
26
173
205
298
311
295
91
179
133
304
70
290
27
124
155
233
131
307
274
297
308
230
159
50
49
114
139
294
302
173
144
4
17
307
142
117
209
298
76
292
313
144
295
284
130
120
196
164
92
304
291
289
157
58
313
304
304
116
147
37
76
295
62
286
301
312
285
293
32
130
168
207
131
293
314
229
292
133
139
304
116
162
290
83
314
172
65
90
313
163
302
291
301
90
40
225
70
215
294
142
172
161
97
100
182
286
315
305
134
32
124
99
9
302
146
47
244
150
314
54
282
36
286
130
304
88
105
82
18
139
300
197
252
303
320
283
91
109
296
309
271
170
108
163
75
87
210
303
105
294
134
296
211
334
52
195
295
309
306
207
308
148
48
53
163
151
313
93
281
289
287
180
317
259
148
144
104
83
295
227
177
22
299
296
178
136
41
144
214
285
303
290
138
53
298
73
118
306
266
208
274
190
30
34
303
186
63
73
162
129
128
269
289
119
280
12
107
304
301
218
1
138
303
73
298
278
202
143
157
279
146
165
154
63
336
299
129
199
169
126
186
299
225
295
128
121
315
309
300
291
51
128
154
309
62
132
28
122
304
131
169
125
14
152
167
137
234
301
42
142
123
287
183
56
156
312
312
106
115
249
143
200
166
183
58
111
162
316
302
241
315
300
141
285
146
158
216
210
139
262
308
205
40
102
270
260
313
273
299
290
180
253
276
26
119
33
144
311
222
132
301
195
279
176
138
60
87
87
144
101
248
131
97
310
315
328
90
290
115
69
94
35
169
217
294
299
75
132
29
178
258
125
306
290
300
178
126
304
169
34
34
56
107
74
82
184
38
243
109
61
289
298
302
289
111
302
330
192
274
305
301
262
184
293
293
286
282
307
304
113
291
118
87
150
304
282
300
299
292
35
89
38
88
53
141
238
4
196
16
85
305
205
71
118
301
293
184
118
166
263
138
49
91
285
298
306
157
295
329
301
131
216
158
217
299
147
292
285
115
296
289
131
314
304
311
307
110
21
260
289
296
305
105
312
280
280
96
1
284
301
314
14
309
164
294
15
290
68
21
276
92
240
309
240
182
153
218
126
313
179
102
92
298
185
314
279
13
297
302
203
149
244
19
136
264
191
265
180
39
65
125
145
332
180
193
71
34
312
298
59
119
344
214
113
74
266
108
130
69
155
113
8
275
87
308
298
141
117
74
299
287
129
134
125
290
56
148
305
302
304
290
244
294
310
85
287
280
101
29
300
255
215
7
193
294
216
299
246
295
118
297
283
287
107
83
141
193
301
108
311
131
26
295
177
323
117
296
309
47
93
60
221
66
318
308
31
145
65
122
138
188
130
301
294
237
311
211
231
182
286
311
271
296
278
306
294
304
156
283
105
23
34
111
40
289
120
9
165
79
97
220
79
269
325
196
182
295
171
57
299
133
283
50
295
310
46
34
209
309
196
71
288
75
95
231
145
159
184
212
210
214
165
237
171
50
295
70
270
206
214
286
125
311
291
136
188
239
161
291
84
60
114
141
48
202
138
15
188
295
295
337
268
298
163
298
300
297
75
289
107
96
220
114
218
39
85
142
67
189
101
102
76
67
114
286
222
293
287
304
112
301
279
130
209
271
313
161
56
313
55
203
288
314
311
137
156
299
286
176
93
121
307
192
116
296
37
305
33
58
290
117
85
286
176
266
270
261
71
136
117
139
228
66
143
223
135
194
114
226
306
293
271
298
173
162
301
88
194
173
278
54
194
140
233
276
95
114
194
176
17
55
74
258
283
244
302
308
302
304
175
267
93
96
66
119
55
81
54
41
284
253
103
193
265
178
303
311
299
193
303
303
294
165
307
148
265
303
251
141
93
161
161
305
26
147
163
62
295
154
307
94
258
286
93
88
191
316
56
305
207
60
79
257
87
83
46
118
66
310
144
88
299
95
198
211
301
236
265
226
303
302
309
154
214
255
164
228
303
315
364
302
99
5
193
98
295
109
155
93
42
306
84
314
68
76
204
301
294
233
129
76
238
301
71
105
311
100
109
304
74
314
302
309
256
177
257
94
45
174
83
166
306
280
86
145
136
94
167
151
305
294
309
131
237
317
55
9
123
180
337
92
79
54
96
285
74
98
111
151
126
11
115
124
317
139
296
150
106
295
311
92
73
136
86
52
272
306
207
62
283
177
51
187
108
2
48
154
192
127
89
121
166
141
35
140
39
166
60
40
44
286
190
287
298
217
217
344
311
308
300
178
160
313
298
144
312
288
146
151
292
122
77
300
44
82
306
96
88
296
237
137
304
302
109
102
145
193
149
272
76
205
289
168
183
101
302
234
259
3
305
103
123
53
107
167
142
302
250
125
302
56
100
107
200
148
329
236
283
310
304
294
274
54
27
298
287
300
303
233
206
255
220
75
313
280
96
256
76
111
181
20
309
144
18
139
226
189
279
163
317
274
98
207
304
13
54
258
201
93
119
150
45
275
10
114
305
86
222
283
302
134
82
271
134
287
110
116
7
200
157
86
302
37
294
185
310
152
60
148
132
292
188
305
42
192
27
160
306
55
330
73
301
166
300
224
289
295
294
84
75
94
106
41
262
308
300
112
293
309
186
262
316
329
179
152
28
109
15
307
299
17
13
97
195
49
115
52
247
148
89
180
234
297
225
286
141
64
146
32
95
99
310
301
303
307
281
163
149
309
54
94
155
106
129
13
86
100
67
166
201
302
169
271
87
90
281
89
248
312
158
97
267
142
60
249
297
26
82
65
294
37
179
157
325
310
246
54
189
200
317
149
297
85
279
177
193
311
154
321
121
270
118
132
89
113
161
296
65
249
35
134
302
305
250
261
309
285
305
142
89
119
147
127
311
126
130
277
155
319
189
22
279
300
248
304
289
300
183
230
291
299
155
154
312
115
314
194
141
129
228
47
207
311
286
233
120
62
67
58
144
294
102
240
319
309
129
165
156
194
185
209
69
296
265
200
81
287
325
107
97
139
301
67
135
291
206
302
290
139
307
215
295
280
104
95
87
282
249
131
50
297
307
312
99
138
309
107
214
309
118
173
85
322
301
96
202
121
258
131
310
147
298
151
113
155
151
127
157
109
232
119
42
84
171
42
172
93
282
186
131
106
310
295
298
290
303
144
50
138
76
138
283
83
304
147
298
224
150
108
90
95
96
308
252
3
158
169
304
64
51
304
296
294
282
308
170
29
309
201
222
311
100
190
301
278
246
294
173
294
44
202
308
290
298
124
310
130
297
310
192
301
296
109
8
53
67
130
131
304
306
309
80
293
52
135
41
52
107
27
73
112
82
306
133
87
308
128
287
300
279
146
160
288
211
179
36
162
286
91
299
165
44
52
304
298
168
187
324
147
311
294
87
79
309
301
162
304
284
207
85
287
302
292
147
310
160
314
67
162
265
300
290
73
118
124
77
167
156
138
313
33
156
122
72
101
118
234
298
92
114
45
306
150
311
148
135
87
124
253
119
124
99
167
78
43
67
305
111
82
168
214
205
131
61
55
89
130
300
171
256
45
170
199
228
310
79
307
76
168
323
170
294
313
130
64
298
142
299
303
298
143
310
308
304
247
360
86
325
310
283
296
251
64
61
266
295
296
270
119
192
28
190
293
101
92
76
213
125
187
70
47
39
74
183
27
255
65
196
84
97
2
303
292
304
305
38
146
60
44
39
56
1
33
287
121
70
66
147
181
231
321
285
224
30
186
296
56
115
227
178
328
313
85
319
120
260
173
60
44
70
209
157
310
156
60
155
308
104
169
297
235
285
189
85
32
83
300
91
63
200
138
295
302
308
135
295
112
70
164
30
51
164
197
295
103
283
119
151
229
147
300
109
304
69
298
96
39
281
307
65
309
301
306
291
290
310
310
291
310
36
155
149
51
310
49
126
15
138
108
170
193
292
286
95
287
214
201
34
207
58
189
257
293
303
66
81
163
206
295
205
279
166
9
188
59
14
185
295
51
74
82
93
117
220
85
118
160
288
177
345
177
124
94
12
130
312
84
291
180
80
30
248
303
308
107
48
273
123
307
55
306
210
281
211
287
291
1
162
214
192
169
127
79
88
70
308
278
291
121
169
299
306
300
123
128
48
71
83
294
83
86
126
313
99
278
39
157
305
251
186
298
207
308
298
59
160
302
300
145
71
126
307
329
66
104
297
263
307
305
65
163
304
289
184
295
313
203
295
309
77
172
238
58
116
91
173
66
95
73
117
242
153
86
301
305
158
36
285
302
315
306
292
225
13
200
121
42
310
289
282
54
278
57
316
144
314
156
91
130
266
312
298
129
57
303
311
131
293
300
103
303
302
309
309
313
305
293
304
130
319
291
106
69
168
309
31
37
124
308
269
293
19
179
82
123
283
221
297
296
276
57
301
311
108
301
302
168
202
312
305
105
87
300
300
133
288
175
131
167
28
288
297
23
113
42
300
295
160
25
90
236
315
124
289
49
126
39
207
39
144
16
11
197
135
308
171
296
287
222
299
306
132
213
296
303
204
140
36
302
132
49
314
119
87
141
186
111
310
309
307
351
121
14
258
299
27
159
167
294
324
9
132
135
295
292
298
303
173
70
58
167
202
155
13
304
255
271
102
151
276
23
85
312
129
310
130
21
147
298
290
171
336
275
134
294
19
67
183
143
294
145
115
53
307
43
227
305
301
242
95
22
115
278
31
156
306
32
153
39
302
283
120
55
11
127
155
31
18
5
69
39
287
104
71
294
120
165
16
305
129
190
65
190
89
288
317
276
44
109
305
291
97
299
97
264
296
145
128
183
311
155
138
216
293
287
287
298
247
219
194
282
23
160
29
17
184
149
59
140
52
78
43
167
27
65
97
153
62
60
151
29
115
131
100
9
56
48
145
30
5
192
92
39
300
100
222
304
9
128
28
54
137
98
308
53
127
31
113
295
131
310
72
34
118
82
190
305
135
306
308
122
157
200
220
140
158
136
165
43
295
133
230
132
149
183
132
305
301
117
221
96
109
39
280
108
159
290
174
97
197
120
302
226
52
94
50
118
313
66
32
298
70
137
187
21
257
82
143
161
92
102
308
300
294
310
298
221
46
302
54
302
130
116
70
316
281
299
69
49
3
130
137
115
295
128
31
275
300
310
89
36
33
292
302
337
281
19
19
118
303
305
187
300
278
186
298
309
50
295
315
215
94
305
68
300
143
308
287
166
198
122
44
113
55
309
223
287
285
248
316
297
340
72
135
310
297
217
153
139
296
297
300
296
130
11
125
180
11
308
130
77
298
262
312
233
16
296
137
308
262
278
240
266
364
132
90
190
280
240
151
34
289
304
121
292
282
107
276
43
295
294
311
310
9
19
328
95
120
314
35
299
313
297
296
317
303
299
300
284
288
37
212
242
161
31
127
74
55
202
77
21
35
63
191
283
249
307
218
103
61
21
86
299
1
20
68
156
74
290
146
187
186
285
296
63
169
308
300
87
233
287
244
282
179
133
293
198
256
113
237
154
276
156
295
108
287
308
77
215
310
218
161
215
251
54
258
21
143
106
107
153
129
266
293
57
134
302
293
133
248
130
65
305
290
297
312
30
323
161
290
290
277
245
89
95
276
298
105
109
242
19
115
34
300
293
224
297
130
239
287
311
292
204
69
140
168
33
103
119
242
8
152
200
171
224
302
277
126
302
292
180
276
321
140
266
144
85
148
68
51
107
19
73
298
109
113
311
171
84
311
299
305
214
299
59
222
210
285
296
40
145
155
107
258
301
152
160
286
128
287
95
267
86
104
33
132
56
315
128
308
218
125
241
284
32
209
105
45
131
304
126
153
141
20
26
300
65
160
143
204
292
275
102
151
52
314
299
45
50
145
132
124
31
94
98
304
212
314
146
170
87
144
201
69
5
303
311
76
304
23
53
14
115
185
161
145
105
99
145
300
169
91
65
10
135
249
193
88
79
308
289
270
199
307
293
82
64
120
314
300
216
1
49
153
38
124
312
319
279
306
313
292
296
160
114
65
300
199
161
259
88
92
292
300
136
296
294
284
198
298
297
126
223
46
282
195
145
147
310
229
16
19
306
302
174
125
300
135
46
272
82
265
297
90
297
46
58
181
96
272
221
236
36
108
31
143
28
117
288
286
305
117
127
315
301
301
100
233
64
99
312
54
103
118
97
100
300
299
49
310
294
163
43
109
301
23
151
168
298
295
164
286
320
3
190
300
91
89
289
59
162
310
63
213
111
286
99
88
45
94
202
231
257
192
104
122
100
72
27
115
292
287
256
291
105
3
124
123
289
281
298
300
309
264
277
296
114
47
289
311
293
216
292
286
232
310
327
294
119
64
281
101
310
291
286
283
48
148
288
142
34
165
312
170
120
123
293
305
114
297
309
96
182
51
139
101
159
292
309
296
7
164
90
320
296
309
78
155
82
163
157
36
283
113
101
21
73
74
308
284
303
308
305
304
302
307
278
87
77
153
290
304
310
116
39
74
49
253
112
61
112
176
306
50
172
87
13
265
265
299
299
80
290
100
119
296
102
175
274
307
59
123
97
77
124
304
306
293
307
104
75
309
221
252
249
322
198
56
187
31
257
31
34
219
14
105
42
288
169
287
203
2
311
75
13
78
319
33
84
151
68
124
166
180
294
40
111
155
271
263
313
283
200
292
297
305
220
307
292
257
73
7
28
285
304
153
46
309
8
78
196
94
92
120
56
50
296
192
307
295
158
27
133
298
165
312
301
294
118
290
276
64
96
314
147
281
262
169
190
310
145
286
155
128
121
295
290
58
51
43
32
307
261
116
132
26
85
193
162
129
201
28
75
56
231
338
9
137
102
77
99
312
218
308
205
346
304
293
308
54
9
112
297
113
114
75
302
290
46
72
28
314
303
301
7
191
125
126
276
143
227
136
92
180
162
99
259
282
83
302
163
301
303
11
147
29
37
259
307
82
339
307
69
109
272
106
96
303
124
117
158
127
63
312
208
273
292
222
299
295
303
