14
139
285
92
30
162
50
46
14
180
113
140
267
222
132
155
191
92
307
79
303
263
277
241
152
9
95
82
169
86
124
112
235
10
62
14
88
68
82
141
53
176
116
51
107
58
6
218
136
140
303
67
231
219
202
116
205
42
20
32
215
171
290
164
241
182
6
75
106
200
317
143
35
221
102
146
7
292
186
165
75
95
250
318
36
16
136
22
127
251
245
80
136
1
3
283
182
19
70
57
100
110
127
16
280
121
208
299
41
106
41
233
17
106
24
103
35
79
80
65
314
106
10
133
82
303
319
180
35
168
117
330
33
8
302
90
163
301
21
118
32
203
53
76
115
111
100
45
150
264
179
106
213
299
127
123
77
174
191
92
6
94
71
63
65
119
17
7
109
133
50
184
123
222
129
223
118
74
39
32
123
46
105
15
197
217
2
103
84
159
119
56
74
8
73
256
174
302
290
236
19
107
172
118
54
248
205
280
29
172
65
15
117
147
45
78
299
201
23
298
309
66
307
92
306
25
20
304
307
194
253
77
92
58
13
88
6
184
158
122
92
208
297
78
120
74
18
104
137
189
80
84
121
166
6
114
3
43
150
16
73
149
137
111
304
138
28
327
201
165
300
119
203
224
188
17
29
203
3
167
155
95
59
96
210
42
258
295
212
6
152
139
307
128
101
95
131
64
286
301
321
141
103
48
62
225
81
39
135
58
128
205
50
155
65
71
47
300
101
82
25
6
148
13
167
307
127
239
305
138
304
166
43
164
79
5
132
209
127
103
34
1
38
143
65
156
131
302
52
122
39
292
292
102
191
1
202
116
99
93
100
127
289
7
291
37
311
297
356
58
171
139
44
260
13
33
286
81
91
111
165
3
21
135
6
57
41
67
238
28
229
283
127
148
51
264
111
95
58
4
