234
193
512
252
133
400
100
126
400
563
40
207
59
252
200
55
200
103
86
138
219
226
123
167
71
150
400
139
44
598
65
311
410
478
247
56
400
147
65
324
23
225
422
400
309
84
532
400
15
460
32
92
240
27
324
38
359
457
43
175
38
8
53
85
250
126
400
193
99
200
129
200
212
338
105
252
128
107
227
26
338
28
407
151
141
312
200
33
193
287
220
61
125
232
98
121
200
30
88
220
195
213
278
55
127
291
61
168
188
200
92
47
199
136
275
80
155
73
51
120
271
45
180
600
343
174
187
226
83
600
313
581
86
349
54
115
281
165
191
169
69
399
333
101
298
70
70
70
70
70
70
70
70
70
70
70
70
70
70
70
70
70
70
70
70
70
70
70
70
70
53
