106
30
33
22
45
27
29
76
16
18
33
26
23
25
35
44
45
46
30
46
50
59
27
24
12
47
19
38
41
58
108
38
45
72
38
43
105
50
58
39
132
53
9
28
38
18
31
24
37
23
42
52
26
66
22
47
49
46
79
126
42
27
35
44
39
35
10
46
132
42
45
59
25
61
29
39
50
76
46
29
48
24
12
36
22
27
47
91
27
34
39
143
65
31
61
81
82
34
48
57
217
30
13
32
61
60
33
65
41
21
24
42
60
30
37
26
51
41
59
25
32
218
31
44
6
59
34
155
24
88
63
37
79
15
73
23
85
55
97
122
37
62
311
91
33
20
44
34
33
32
36
30
32
34
36
40
52
19
54
69
16
121
64
35
31
51
39
27
117
20
33
468
60
56
12
32
55
47
31
40
72
45
39
97
66
214
39
37
70
40
59
37
59
32
67
236
292
5
31
51
40
35
24
164
29
24
82
