17
68
23
40
131
164
72
23
194
28
196
193
23
133
120
566
116
48
23
15
155
233
679
770
99
101
98
100
140
269
398
104
93
115
218
76
14
32
95
88
198
162
154
198
162
156
26
24
39
3
78
269
197
215
968
9
21
67
2
38
6
74
39
76
1254
1034
435
90
106
1653
60
30
170
240
18
10
37
49
37
21
29
40
42
473
24
93
84
200
38
42
79
16
56
28
57
50
44
38
19
29
33
37
11
30
440
100
158
1167
33
18
224
179
149
149
144
128
23
93
112
27
16
29
105
10
26
58
270
237
26
2
113
164
319
318
92
22
20
68
178
188
599
44
2945
141
474
1840
91
44
24
178
105
117
48
2953
292
11
21
51
344
44
86
497
22
30
16
9
34
22
56
30
33
6
67
41
68
27
38
23
23
44
28
48
48
30
36
85
20
54
22
22
36
45
36
29
32
38
20
42
18
65
38
35
67
44
40
30
28
37
101
11
43
3
32
29
27
5
9
32
59
29
76
16
32
54
29
34
25
33
26
94
54
110
52
38
30
36
104
26
39
35
33
82
19
36
21
26
33
25
32
47
13
40
64
24
3
39
24
158
40
55
18
40
22
38
18
39
48
12
33
26
17
30
24
5
18
11
32
26
39
27
21
25
78
45
31
19
3
26
90
39
44
43
38
50
26
14
60
31
13
33
42
65
79
33
62
15
22
4
53
43
32
54
35
28
18
39
47
18
22
5
19
53
39
2
89
35
41
27
26
29
30
38
35
31
38
10
31
23
25
48
35
44
45
37
55
39
40
56
37
18
21
94
17
57
23
46
30
11
46
18
122
26
28
30
54
28
22
57
33
28
9
22
21
11
35
29
23
26
34
26
31
59
39
22
25
21
38
24
24
23
49
34
35
28
34
41
14
41
25
29
23
42
50
12
8
50
70
129
32
38
34
33
43
28
41
102
36
38
21
28
50
667
54
59
12
33
41
28
71
26
55
45
17
27
110
142
24
39
37
25
44
14
72
49
251
30
19
12
21
204
21
52
16
34
95
50
10
214
47
19
19
38
41
48
26
27
45
24
32
44
39
31
33
40
15
92
58
87
27
34
32
27
40
361
79
2
27
72
25
10
16
27
23
28
38
42
57
52
24
42
34
28
21
53
193
21
37
20
13
41
54
5
16
71
87
29
16
122
46
51
18
3
96
6
31
80
7
15
27
24
41
1
31
29
46
21
18
18
58
108
25
16
126
38
32
23
50
61
18
26
85
36
84
19
17
38
45
72
38
43
90
346
402
82
76
3
12
43
25
70
105
631
194
48
28
17
63
41
36
22
60
64
287
17
58
65
31
12
22
31
56
20
156
100
25
38
42
24
24
12
22
24
46
52
44
17
28
42
33
50
42
18
27
31
46
43
58
39
35
47
2
129
132
53
9
28
38
18
31
51
52
80
37
34
24
37
23
42
42
42
32
15
45
38
37
218
30
21
34
50
52
26
38
26
35
11
111
17
15
23
29
22
38
35
66
22
15
36
24
50
54
31
46
18
30
33
31
25
19
51
22
47
49
28
39
35
97
30
31
46
79
53
18
16
58
33
27
41
34
35
164
24
60
28
27
126
42
63
4
31
18
89
43
9
17
22
27
26
27
35
44
73
39
35
10
46
132
36
22
20
16
46
28
25
39
27
24
22
39
47
35
45
29
20
42
38
52
32
47
23
79
45
45
90
32
212
23
25
27
7
29
55
74
40
28
37
107
44
33
74
34
34
34
164
163
53
24
38
37
29
44
32
96
126
442
22
34
242
29
23
28
22
33
19
17
24
24
31
59
25
61
29
62
15
39
40
53
11
58
123
51
49
1
34
46
46
28
17
53
57
11
53
4
5
50
24
76
26
43
56
10
33
39
61
45
40
35
64
59
30
40
26
46
41
29
1316
27
29
34
26
36
21
86
35
7
69
57
29
29
48
2
16
28
30
55
37
51
6
26
9
53
47
72
29
39
29
24
12
36
22
3
27
47
37
20
43
29
91
27
32
26
34
54
31
48
52
28
47
59
43
31
43
32
35
22
42
43
36
45
43
33
57
25
42
21
34
14
33
28
39
40
39
8
143
65
31
61
81
82
34
48
57
30
23
42
18
67
24
18
54
36
40
21
60
43
305
27
62
35
40
19
18
23
46
38
26
29
32
34
64
31
32
49
34
34
29
16
28
2
28
46
27
27
261
47
49
99
55
25
12
44
15
30
92
87
42
251
97
40
217
30
13
27
32
101
67
43
63
190
17
150
37
158
48
31
32
95
32
61
36
23
32
19
24
60
73
25
34
41
18
38
23
41
35
18
54
18
41
28
23
27
39
92
60
33
65
41
21
24
8
79
42
60
30
36
37
19
18
57
50
31
31
31
47
41
107
97
106
28
36
224
97
19
16
122
21
24
117
248
397
11
26
27
92
157
30
31
127
139
186
34
192
115
34
26
51
20
36
24
45
24
20
13
22
64
40
51
28
16
41
59
25
32
46
48
34
40
33
17
37
100
47
67
964
31
67
53
52
100
76
43
38
30
32
39
47
424
218
61
36
23
31
44
6
24
42
34
55
41
23
35
8
27
10
41
55
49
59
34
155
24
31
24
88
63
30
33
289
37
3
519
29
45
79
26
58
33
6
15
31
1462
32
45
9
29
8
53
80
141
4
42
30
73
23
35
33
34
39
20
63
38
44
29
147
432
47
51
21
31
66
993
25
27
40
54
21
36
11
30
30
38
11
134
33
85
43
40
24
27
41
39
35
21
32
49
49
50
37
32
66
28
18
38
7
31
55
34
199
17
24
12
27
26
97
122
142
40
25
35
26
27
41
37
45
37
62
311
91
33
448
192
98
39
28
118
52
719
105
130
141
20
44
25
54
26
42
42
26
56
34
33
32
36
239
30
32
28
39
57
59
57
34
97
58
292
25
25
26
29
71
235
8
34
36
18
34
37
22
32
59
24
31
110
21
43
299
40
52
19
54
69
16
239
788
53
45
52
54
79
27
38
101
121
28
61
43
70
27
40
693
30
30
687
6
33
25
10
27
38
51
8
26
22
48
64
29
21
42
37
33
51
14
14
31
48
41
18
31
47
38
99
35
34
27
44
23
32
31
51
39
27
117
20
33
468
24
53
94
29
60
56
12
32
55
47
148
37
31
40
72
46
35
37
224
43
57
31
34
55
40
88
54
58
39
144
186
47
72
505
31
28
18
25
39
187
31
51
1
44
18
48
115
94
83
45
39
38
46
97
109
31
43
82
18
50
54
5
35
28
66
41
61
596
53
49
237
214
39
37
70
41
52
40
59
29
27
45
66
54
34
235
8
41
34
76
218
51
37
44
42
31
250
549
36
33
55
22
38
53
34
1795
46
59
32
58
146
35
317
149
397
48
23
579
51
157
20
28
899
52
41
97
98
67
236
26
292
5
136
43
109
1013
31
51
65
117
100
951
249
38
260
294
41
46
21
37
56
33
11
397
228
310
95
164
400
155
4
98
98
26
28
36
41
23
28
53
40
35
33
35
23
49
24
17
24
35
28
32
22
28
37
22
26
20
502
164
29
24
44
34
45
36
43
48
45
22
40
28
26
24
17
37
19
33
38
26
24
58
37
99
34
37
19
24
40
50
296
41
27
26
18
82
37
28
16
34
26
29
22
