224
147
131
92
132
9
103
58
328
95
116
229
36
42
3
135
139
118
76
106
106
182
19
293
201
6
188
139
92
94
101
216
112
156
15
127
309
92
82
295
10
92
123
53
10
61
172
231
473
521
246
215
62
108
54
222
290
478
87
94
122
57
98
43
50
144
277
229
34
425
41
64
5
324
193
229
110
43
6
90
210
248
106
479
100
152
90
101
39
16
217
528
2450
209
461
2245
338
80
232
33
198
149
81
67
100
405
228
194
81
202
92
308
42
47
116
26
115
93
151
23
122
98
88
106
76
101
42
261
415
5
446
280
2
89
217
450
111
177
741
93
100
88
28
70
194
204
100
200
118
274
121
92
60
99
213
128
93
100
70
45
124
650
118
198
30
331
92
109
214
298
7
257
197
210
67
62
44
35
124
125
433
3
180
312
238
61
105
214
116
159
128
92
337
75
51
60
117
100
73
114
3
102
11
167
143
106
44
101
6
800
76
49
275
105
44
1
28
417
219
182
89
163
17
99
259
5
438
86
90
44
117
100
198
229
99
36
362
205
220
449
6
105
11
329
169
92
72
267
26
229
616
759
71
220
121
217
121
131
6
115
416
120
7
202
124
116
51
105
269
163
267
36
43
234
30
92
103
77
354
290
27
24
31
259
198
388
73
455
249
54
1299
46
85
58
1
87
185
224
666
124
105
97
193
173
54
503
58
119
61
552
37
911
134
101
99
2105
135
92
69
92
317
76
35
112
142
29
151
420
250
255
133
135
49
963
40
373
711
193
4966
417
122
358
874
1072
54
386
185
187
116
644
218
30
41
304
276
255
113
158
480
330
229
184
400
24
19
74
430
136
68
125
189
28
7
100
125
243
98
91
243
209
109
416
92
92
232
125
13
38
75
134
144
448
17
5
124
150
114
95
159
239
380
261
47
281
176
25
93
44
81
107
174
92
313
352
115
140
166
513
269
158
46
38
241
54
28
58
123
230
69
437
130
24
138
171
86
179
96
28
140
228
1149
283
278
41
282
204
238
12
90
20
388
240
277
286
192
245
49
36
609
452
549
542
293
154
92
194
264
168
203
92
54
49
48
136
92
127
107
201
643
433
398
360
220
488
104
122
87
60
252
187
373
84
370
156
25
67
261
314
162
111
90
365
78
656
281
312
219
487
86
190
195
80
501
79
247
80
441
638
1534
174
13
5
103
17
61
113
243
116
208
200
85
1195
33
72
10
251
136
102
333
11
112
35
103
100
54
92
201
387
2619
161
124
92
210
220
119
193
132
63
122
166
92
121
80
12
126
115
102
26
317
214
175
113
48
96
169
194
92
94
220
129
285
3
175
232
133
40
211
76
101
92
92
136
92
227
92
188
153
141
50
35
260
202
2287
204
6
95
116
92
216
114
180
290
92
133
30
38
107
48
92
189
103
508
71
90
313
430
278
49
727
45
290
195
13
105
103
262
17
148
100
54
35
10
222
14
410
92
217
136
113
202
7
441
64
287
316
226
375
283
138
170
137
137
99
64
36
227
234
115
400
756
801
41
8
192
49
48
286
93
190
406
238
74
61
95
92
153
92
7
151
121
2
27
8
84
145
92
203
235
97
6
75
124
161
378
98
4
133
100
2
86
93
121
37
92
92
31
81
91
6
28
98
117
115
146
131
537
64
115
206
227
183
184
161
171
458
180
51
1207
25
122
43
66
98
100
123
164
138
152
400
248
94
235
111
3
93
107
150
23
144
65
3
206
136
133
2300
87
1
31
57
73
81
113
131
92
105
161
68
209
97
94
183
55
92
21
115
2
89
32
92
98
92
80
176
49
225
118
115
256
75
158
97
87
19
6
182
92
97
100
97
51
181
116
483
207
220
188
104
50
6
171
122
92
95
150
181
103
59
53
236
9
131
6
133
169
96
116
92
137
113
143
131
118
171
100
15
192
152
96
114
48
137
92
305
125
92
39
92
10
92
149
140
13
17
14
52
900
245
45
92
230
242
3
148
19
93
71
135
201
180
217
37
155
99
16
208
117
127
89
387
22
102
79
30
79
52
83
71
92
170
154
92
200
84
111
74
92
140
92
66
8
119
136
40
600
98
176
133
120
31
190
317
99
92
100
39
55
57
18
418
98
132
118
141
162
194
52
188
146
217
400
146
73
129
218
44
126
44
100
96
408
135
136
106
44
175
169
168
92
77
143
50
33
169
95
273
157
138
201
14
17
19
153
100
142
115
275
153
174
211
115
236
130
37
276
30
92
564
707
162
101
106
204
477
400
386
5
167
294
315
166
33
414
180
395
236
108
468
227
92
227
13
34
20
227
201
178
188
401
358
12
398
90
170
1005
165
134
111
92
272
403
471
892
372
1095
1003
853
420
861
92
234
219
388
267
15
436
147
214
55
12
152
69
164
100
209
190
155
171
261
100
172
284
190
166
121
56
91
141
279
120
63
101
261
957
2165
714
351
92
503
117
203
134
499
109
92
93
49
62
100
1
103
83
67
122
90
70
238
146
49
195
539
204
322
34
769
62
973
178
316
471
70
1824
234
494
328
326
98
182
203
48
311
399
438
68
299
108
248
156
273
189
128
149
111
139
54
414
455
217
669
138
234
68
334
83
1540
162
282
67
161
809
8
26
135
137
76
215
417
28
117
196
130
257
62
103
180
163
107
69
178
5
157
126
97
106
146
114
87
934
261
928
230
51
175
38
60
437
70
87
300
244
149
410
131
305
100
398
453
276
110
59
326
299
39
51
90
97
56
162
141
157
200
34
86
138
267
114
161
75
168
377
68
85
297
84
119
95
26
266
158
73
155
78
101
130
92
92
354
8
209
8
124
233
214
49
165
113
151
8
21
167
95
92
72
49
100
100
100
170
121
32
100
99
134
142
172
121
146
174
90
20
102
400
234
83
180
19
83
101
112
92
64
33
184
330
290
55
63
153
184
21
111
160
113
37
95
100
136
115
221
18
92
227
79
96
43
158
345
62
215
81
30
286
92
92
112
251
81
226
100
26
126
102
48
4
92
98
186
153
151
43
117
92
148
15
19
71
184
30
18
92
189
92
118
35
31
72
92
46
93
92
111
44
105
173
152
358
151
110
54
61
101
185
162
1221
49
151
80
1348
129
394
306
122
22
612
486
76
90
406
280
396
100
414
364
177
78
411
509
330
461
96
416
175
278
111
505
32
650
359
420
48
136
577
140
32
292
231
453
166
198
113
353
424
89
4
16
146
43
21
953
7
354
55
123
95
393
92
244
469
472
447
188
48
210
401
1033
129
121
217
357
88
1
9
227
163
42
34
232
71
52
166
176
132
92
100
293
95
38
40
137
214
77
229
215
773
595
268
190
237
303
293
463
110
120
153
404
240
408
140
94
96
172
766
49
927
60
261
274
40
61
46
284
47
408
678
25
45
476
173
374
55
171
145
411
13
133
175
105
56
165
212
1156
1127
46
3
79
215
60
120
73
88
1
6
94
32
236
92
126
77
3
94
215
53
67
89
119
50
98
113
128
98
19
166
81
148
181
200
216
100
400
23
92
192
102
102
190
110
100
92
210
132
281
132
19
141
1
143
92
67
114
155
18
118
204
1
24
2
27
100
67
118
37
11
64
169
85
145
187
90
56
99
126
164
210
92
92
222
181
52
164
66
77
29
118
50
187
81
135
205
207
28
52
275
80
40
84
94
29
52
126
211
21
4
43
195
158
12
27
56
4
182
156
2
11
293
243
216
34
107
53
96
87
26
282
92
11
10
111
37
160
269
466
400
1891
82
127
105
129
222
151
68
16
57
293
136
788
697
7
108
60
197
167
85
14
136
28
165
29
158
220
304
100
100
92
279
12
126
89
1212
115
126
144
677
409
227
189
114
135
41
105
635
444
381
308
332
58
284
448
191
47
222
189
35
47
47
433
163
214
97
2
455
134
71
195
39
72
107
157
167
2364
179
287
89
35
162
260
242
125
197
253
442
80
92
249
558
66
240
128
89
100
51
781
344
430
74
1394
445
223
480
97
328
118
41
85
31
74
385
400
21
52
335
155
132
268
53
110
54
327
76
46
38
29
69
177
279
321
102
258
367
260
56
360
298
331
334
328
320
103
170
112
53
67
100
18
168
56
118
468
400
520
381
392
660
256
13
81
106
290
66
297
77
160
121
187
10
284
129
372
109
61
168
49
22
133
47
332
314
793
319
244
309
113
239
43
100
162
100
586
25
43
195
268
47
493
149
32
99
124
136
29
16
38
22
161
980
166
42
174
171
205
74
200
497
444
114
81
114
242
756
130
236
232
579
115
261
573
97
188
150
372
58
12
532
225
680
475
97
8
61
317
58
141
635
12
48
45
119
82
87
115
25
111
167
227
92
102
120
234
81
9
56
52
91
88
124
2
71
194
5690
123
135
96
211
156
92
151
61
12
114
34
31
120
85
228
306
200
64
60
246
112
124
100
268
29
68
199
189
653
449
753
88
130
268
282
83
75
305
45
223
180
482
80
103
92
120
471
121
130
41
221
310
1712
306
921
245
1041
428
53
184
90
494
92
15
48
76
103
34
38
4
144
16
62
406
366
7
35
15
121
291
104
111
155
52
301
28
26
211
100
101
75
90
125
117
413
235
122
140
164
82
141
462
114
32
88
29
188
162
164
67
284
134
129
22
286
195
859
67
130
203
290
87
404
356
415
102
268
43
121
60
211
131
84
7
177
108
143
256
175
335
89
92
82
87
9
48
335
559
330
147
64
155
67
73
763
440
657
514
204
79
219
80
170
13
201
139
46
100
61
35
233
294
5
291
185
154
16
256
66
562
285
101
280
46
231
25
210
341
206
14
236
2
66
103
129
148
124
214
128
123
327
314
142
331
17
130
194
199
325
258
515
120
57
354
385
576
259
54
2
51
60
67
20
73
92
175
317
432
215
163
196
406
193
86
194
108
24
34
27
79
16
26
77
51
16
59
103
464
57
362
39
88
225
28
4
82
63
59
94
100
223
52
115
219
216
92
432
13
31
173
198
61
58
71
48
86
65
379
28
92
184
72
204
58
60
35
54
91
33
373
43
497
170
70
24
134
20
266
71
34
153
213
101
287
32
137
111
107
48
222
573
534
1152
68
358
22
15
184
213
63
316
191
67
378
130
303
190
283
790
44
156
581
152
361
1075
246
247
124
346
92
623
292
539
65
400
127
49
266
149
266
182
120
198
235
228
2465
323
163
84
36
64
169
417
6
50
38
208
95
508
163
266
419
76
166
284
64
100
180
211
99
874
250
69
505
363
147
210
311
38
83
1202
99
136
55
230
205
74
431
237
930
167
72
12
226
87
359
77
159
229
108
109
38
7
214
92
113
81
623
70
40
172
263
167
94
126
44
59
119
181
528
393
129
279
143
140
72
121
125
993
173
355
138
75
110
158
68
137
1866
296
88
2155
99
32
390
167
142
79
50
35
47
279
79
209
58
34
386
107
978
111
81
159
60
150
189
286
127
202
763
1029
405
104
999
614
1258
435
773
283
313
413
96
119
613
83
111
89
17
82
68
126
92
1
229
96
4
59
100
1437
4
55
112
148
78
1
56
204
61
132
92
162
136
92
149
52
68
10
7
142
92
98
121
100
111
85
389
185
79
97
242
106
9
92
104
110
57
84
261
250
202
423
89
109
637
89
130
152
151
644
73
389
73
221
614
30
424
943
119
269
93
115
201
72
887
576
252
48
381
200
39
788
189
19
99
681
121
619
162
600
247
216
598
350
555
196
191
66
1042
195
82
106
241
57
88
197
305
475
655
32
77
500
449
109
122
595
107
95
549
423
322
150
228
278
95
61
14
237
185
172
97
327
81
137
222
51
76
52
161
50
200
84
74
123
101
165
236
90
379
123
347
21
39
170
140
197
80
100
74
59
21
57
7
127
147
1
92
360
15
95
21
101
9
190
92
73
110
93
83
4
62
128
27
3352
157
2
224
98
108
95
120
22
78
46
162
188
13
65
19
50
10
96
92
79
22
13
119
67
393
66
34
92
63
120
51
100
92
152
7
75
70
55
92
94
143
30
125
5
800
71
55
102
95
128
242
7
135
94
33
76
61
151
84
4
36
148
62
45
92
110
92
115
39
1
377
83
1204
309
471
1216
45
272
434
233
92
11
820
80
126
126
481
115
1007
456
145
53
314
54
392
143
36
321
84
139
39
100
180
600
115
201
375
75
114
53
76
99
158
219
452
183
958
234
299
223
322
168
75
169
107
86
372
423
210
151
61
54
78
38
101
467
133
555
510
55
144
729
613
357
150
111
216
434
328
93
306
12
107
89
566
93
309
134
122
57
22
189
21
95
162
245
37
91
63
101
52
25
28
254
147
508
70
183
62
65
263
219
246
178
11
53
16
497
144
646
81
52
370
418
85
178
853
279
1496
191
184
74
59
316
106
242
58
124
290
208
691
377
98
280
625
216
456
92
53
57
221
18
84
51
58
567
116
236
33
106
273
143
622
78
431
535
370
188
102
204
169
595
507
90
103
109
107
46
40
29
79
266
100
224
3
96
5
126
29
168
105
390
58
233
139
318
332
233
329
86
57
338
142
301
58
344
797
76
20
121
119
143
145
229
117
116
121
66
16
100
46
154
52
78
29
221
46
33
219
79
18
102
102
113
48
222
124
126
354
247
121
281
124
657
400
100
103
286
139
250
92
156
95
44
435
827
636
109
54
235
628
29
45
177
58
574
212
102
71
159
22
50
83
248
160
94
106
518
51
306
112
235
222
276
179
42
442
262
33
514
365
42
142
141
478
57
283
342
58
351
130
395
226
148
585
31
371
339
85
113
155
106
238
228
146
115
181
40
660
481
85
258
48
188
397
470
105
406
341
109
425
90
236
140
71
51
111
72
100
40
75
68
431
174
292
322
42
91
324
96
317
275
191
447
47
812
333
30
259
55
313
89
29
67
367
557
87
470
42
395
40
977
283
71
921
363
30
238
283
970
39
401
279
207
108
325
148
793
161
165
351
156
93
113
52
528
298
35
339
96
410
56
59
38
85
29
18
130
443
111
62
80
166
70
92
124
58
66
262
150
263
22
13
30
234
26
208
22
18
77
35
244
116
166
40
41
5
41
37
41
41
18
11
41
39
62
92
136
107
14
80
25
225
96
56
218
156
326
93
35
100
145
92
400
100
191
418
83
397
182
81
334
77
172
1587
99
148
71
148
239
152
64
195
161
31
260
98
457
364
154
63
133
12
101
286
119
78
532
61
94
105
716
88
118
70
114
333
165
115
1146
942
113
189
359
964
144
146
77
100
19
33
92
48
186
108
45
180
92
603
16
242
161
73
79
100
130
86
122
92
166
167
466
40
278
42
264
98
66
98
167
217
96
148
175
122
92
63
222
149
121
150
128
132
49
38
92
151
73
130
133
5490
180
195
45
55
47
143
84
13
44
85
13
118
124
550
1546
244
1797
158
12
118
50
244
105
90
261
580
196
194
75
779
29
136
63
92
27
166
168
100
218
177
15
59
222
206
123
95
100
59
9
259
48
54
36
114
158
94
94
168
92
3
193
185
100
46
92
259
92
8
59
27
113
45
171
27
229
80
47
121
33
138
54
92
34
114
47
92
40
51
217
56
190
297
118
194
23
19
170
174
24
295
449
430
134
1646
973
804
118
375
177
96
162
115
57
191
273
59
531
155
136
41
232
1630
167
450
707
80
172
151
530
40
51
138
50
107
164
278
54
141
225
345
408
193
42
47
22
92
22
209
200
255
261
68
186
124
189
171
57
347
515
306
420
167
246
85
45
1223
245
494
200
148
67
56
290
443
417
195
161
98
1105
353
368
88
126
18
123
391
39
1042
357
519
163
14
55
166
228
204
79
337
67
415
313
112
338
332
253
326
596
72
180
428
236
324
24
161
517
827
333
65
127
667
90
532
1367
39
266
159
181
117
172
481
712
234
130
231
625
258
667
510
6
284
360
77
159
510
51
55
152
307
178
291
89
134
95
86
182
94
236
70
696
173
21
92
217
105
238
125
94
400
254
101
93
27
97
1
560
120
192
187
451
600
129
270
311
196
207
97
10
91
34
103
250
188
617
393
1380
171
140
43
25
59
103
498
95
