40
42
3
72
216
38
15
71
154
156
234
144
229
109
193
512
132
248
209
252
133
102
118
274
297
125
84
105
187
200
42
48
92
105
44
1
163
143
400
100
127
109
113
26
126
400
563
40
207
59
9
105
252
87
400
136
189
28
243
120
200
228
55
200
116
283
200
66
333
2
112
40
215
71
262
62
103
222
177
93
86
138
400
200
85
41
48
286
181
135
27
24
537
64
171
219
400
81
226
123
167
51
147
32
71
150
8
201
118
133
400
242
62
83
139
4
32
44
598
127
35
77
65
311
39
387
410
478
52
83
71
247
200
56
47
600
400
158
147
400
276
292
30
425
42
46
56
13
65
295
162
324
189
809
23
77
225
135
422
13
279
88
149
229
354
400
50
70
129
32
138
38
83
28
43
400
309
84
76
600
81
79
532
61
119
12
140
99
204
21
110
164
400
137
19
105
263
23
15
460
27
79
110
16
6
133
23
32
92
108
60
240
27
400
534
64
172
192
54
138
204
324
1
38
359
49
41
54
100
119
40
50
457
67
176
43
39
288
241
77
96
222
82
15
27
24
107
208
16
26
282
26
101
192
41
18
29
95
77
107
69
92
159
93
45
93
115
102
175
82
132
112
110
38
44
262
43
145
214
97
8
53
85
250
71
126
201
73
141
32
155
85
31
35
400
37
193
88
143
178
47
165
400
21
335
193
98
117
99
120
132
200
91
49
129
36
173
129
159
150
160
164
200
57
200
33
366
97
212
39
287
7
338
35
25
6
3
35
15
172
211
47
105
252
128
107
227
150
9
26
155
338
261
301
235
23
28
4
114
407
51
16
130
151
20
81
30
268
60
211
62
57
160
177
108
143
256
158
105
175
141
312
37
121
87
143
170
200
33
193
29
258
51
91
287
129
201
174
290
139
397
116
199
185
92
119
41
220
50
68
48
35
108
61
125
121
289
211
83
365
232
98
128
217
39
3
269
178
20
38
71
75
287
400
121
26
29
47
200
30
68
1
135
27
27
229
172
96
261
59
28
66
88
55
25
132
13
81
103
220
73
226
47
251
222
98
195
137
213
278
55
189
40
190
127
124
291
108
48
110
31
57
84
261
32
81
188
186
61
97
152
151
131
170
107
303
150
15
63
126
186
84
162
123
168
188
64
62
110
434
233
600
115
42
200
92
310
47
199
200
151
136
9
29
275
80
128
35
153
58
283
22
155
28
73
51
254
28
508
4
123
178
20
212
29
120
93
20
166
221
51
271
36
88
106
80
256
45
180
600
33
219
37
55
25
107
35
343
174
187
52
281
657
400
103
286
95
296
194
6
33
25
51
226
156
150
157
56
83
600
218
313
581
86
93
400
418
83
349
54
397
94
41
179
603
115
174
113
122
115
31
281
38
165
85
58
191
47
169
143
35
69
399
59
333
117
33
229
80
47
114
47
11
98
101
297
228
298
70
70
70
70
70
70
70
70
70
70
70
70
70
70
70
70
70
70
70
70
70
70
70
70
70
53
129
1
37
560
