113
133
188
142
57
51
87
208
115
65
30
114
68
125
9
514
132
25
227
106
98
100
60
90
97
88
8
128
30
92
99
62
19
109
394
87
92
249
74
198
126
59
82
143
72
191
126
159
69
148
11
77
236
118
120
49
141
761
77
106
330
150
105
212
9
151
156
116
200
92
139
154
48
21
1
33
136
103
41
120
103
161
117
318
815
130
125
2
110
17
226
150
1433
291
110
59
165
37
49
134
12
79
75
40
213
100
620
144
130
124
11
112
61
102
61
167
61
130
299
1362
218
29
109
96
33
216
63
103
62
57
173
56
118
231
185
210
199
5
215
92
135
7
66
176
169
148
54
6
93
41
168
52
28
212
15
97
295
215
128
57
150
54
115
28
231
101
169
43
108
62
177
56
57
194
191
73
200
85
17
116
118
135
4
13
66
94
142
92
113
52
232
245
233
93
148
131
42
15
25
92
92
128
124
61
124
147
100
82
4
55
33
118
50
68
97
21
2
92
34
34
101
158
202
10
193
26
84
78
155
227
16
109
62
131
67
38
144
175
206
126
156
130
425
42
13
73
51
121
56
63
99
124
266
89
270
121
43
33
71
10
27
171
129
244
149
220
40
153
254
78
227
162
59
214
209
55
479
277
39
18
82
55
9
71
92
404
100
620
57
112
3
121
92
107
196
168
95
179
164
78
30
39
149
131
60
112
72
334
769
845
278
32
81
72
171
101
112
138
239
17
201
334
122
168
101
364
323
92
109
49
92
152
211
14
174
7
144
7
35
68
106
92
100
99
19
3
76
58
10
151
24
76
22
88
600
93
53
97
60
35
76
30
52
191
82
226
333
2366
116
50
55
129
88
401
190
51
164
214
262
60
11
92
115
305
146
117
189
283
146
197
116
70
188
50
304
211
188
78
84
103
1
31
41
50
51
155
139
175
230
156
169
137
46
263
67
185
273
144
186
77
97
108
172
302
29
16
60
73
187
49
66
109
88
40
143
280
48
180
3
182
69
211
83
177
54
83
133
57
47
77
18
60
128
216
92
43
40
162
534
14
92
97
138
110
85
59
40
76
86
162
39
39
117
186
99
55
176
218
96
94
234
114
33
114
197
242
15
222
22
97
43
9
150
7
192
41
147
77
69
49
76
86
170
314
361
66
57
101
91
117
35
32
46
80
168
364
106
68
230
144
186
433
528
210
152
319
156
162
167
170
188
96
206
133
30
70
51
34
71
210
77
75
27
34
687
103
359
207
91
129
190
32
155
63
61
188
215
225
253
296
10
12
25
187
69
47
198
249
240
227
139
181
98
311
145
10
100
105
64
175
37
178
85
165
120
162
2
17
302
94
167
44
102
457
67
166
311
95
131
50
220
929
674
815
105
185
48
79
79
21
39
327
146
36
342
76
115
168
224
188
79
250
100
110
198
26
118
169
210
155
77
85
250
316
176
62
75
89
497
47
222
138
226
92
77
66
181
209
53
65
109
144
91
163
76
167
38
94
160
157
32
143
65
271
536
644
124
117
139
184
74
169
177
148
120
301
586
41
186
120
10
97
35
125
21
406
121
71
80
11
113
31
138
95
157
195
83
52
90
233
56
199
82
298
51
15
197
127
57
104
68
115
107
51
78
72
275
47
67
229
210
329
81
176
123
98
109
160
110
127
207
202
34
76
20
53
74
160
158
105
156
236
78
166
205
59
7
129
290
214
134
20
17
8
223
67
96
275
12
120
81
24
199
224
129
81
211
1066
630
67
285
115
74
130
75
364
101
173
61
168
119
80
164
68
1
20
10
25
172
121
375
210
192
89
211
83
365
25
217
144
103
73
45
3
269
159
75
83
265
87
560
146
178
69
40
72
226
310
39
74
86
29
12
52
56
86
113
70
21
83
133
134
70
73
155
47
165
90
90
325
2481
89
129
145
64
66
160
510
89
325
107
74
147
208
290
189
199
26
75
13
39
201
331
106
141
307
730
140
289
142
200
181
119
100
360
219
143
174
49
237
101
448
75
132
42
90
87
240
86
106
90
101
283
179
206
95
147
159
483
507
79
37
26
67
56
255
135
172
129
81
103
217
207
226
92
222
137
92
76
299
76
128
90
1
108
81
186
438
694
246
103
323
310
73
342
609
1393
215
146
302
502
261
137
416
115
123
145
283
550
469
150
47
46
152
198
6
9
29
90
140
57
114
45
58
137
123
16
65
39
23
27
42
80
50
140
92
17
179
71
9
226
11
100
51
113
106
147
74
117
216
374
60
196
217
174
60
70
478
98
135
86
76
337
187
171
146
196
164
315
628
95
68
30
42
46
118
217
143
170
83
157
99
55
58
318
186
195
157
98
214
221
115
49
99
212
213
224
99
110
65
134
231
210
71
283
22
16
183
20
18
32
123
212
340
88
196
204
42
215
152
115
234
93
74
149
227
217
64
248
225
65
79
181
296
64
647
184
60
37
221
114
223
268
127
133
101
141
39
73
111
253
388
37
31
116
161
93
19
154
168
199
106
100
140
23
240
25
123
131
70
102
97
65
217
444
143
280
134
198
173
81
76
519
271
375
308
59
49
44
207
315
90
124
275
405
97
169
206
365
155
47
84
102
131
214
460
125
199
1091
896
781
464
370
181
147
74
72
183
125
146
328
6
232
86
386
159
61
54
109
60
18
125
366
112
281
58
55
94
11
78
106
70
97
271
76
101
155
228
107
44
134
90
137
20
85
277
369
35
7
283
119
75
76
75
68
68
75
77
76
75
68
68
75
75
76
227
119
92
92
154
27
183
80
196
111
164
169
123
317
93
138
366
98
539
180
227
154
830
368
40
109
410
129
90
221
98
245
198
100
226
333
342
280
304
108
