204
76
56
100
14
112
118
280
156
102
73
30
131
88
80
40
141
150
85
38
91
106
71
199
223
140
214
99
143
290
22
83
266
169
9
331
243
302
124
108
31
104
154
56
53
80
132
92
116
65
61
228
138
250
20
278
304
304
298
292
109
154
29
208
97
89
145
128
125
115
80
296
296
308
60
140
58
310
186
85
47
2
90
243
101
114
92
163
130
92
202
114
86
13
249
96
138
53
280
102
61
114
142
132
46
97
137
104
86
2
31
218
204
134
92
87
83
41
172
115
146
111
147
193
207
10
46
141
213
231
140
302
32
21
100
100
199
297
284
192
12
117
2
256
71
143
286
241
89
2
268
272
175
162
250
161
100
308
12
205
2
121
29
84
107
187
229
130
27
18
159
174
12
298
94
151
274
110
14
75
48
166
52
96
136
40
279
294
131
109
297
249
136
289
310
124
219
44
220
85
99
138
3
226
168
263
109
279
178
295
209
26
69
26
98
298
147
316
256
258
271
203
305
132
9
152
100
121
96
100
155
229
297
177
224
18
81
301
44
75
84
92
47
306
202
220
140
185
22
92
100
108
117
92
290
198
116
141
114
87
28
119
122
32
202
25
128
278
101
92
174
108
127
104
181
153
142
109
92
152
90
37
101
37
290
151
75
149
137
195
132
177
310
289
215
153
224
20
39
181
64
106
92
14
26
139
254
214
175
195
52
131
307
48
153
46
299
173
82
289
115
307
48
226
284
291
273
164
141
155
196
47
139
38
224
215
176
139
253
199
92
156
39
119
190
224
121
131
260
298
87
95
159
138
200
69
102
138
103
169
282
107
260
222
294
306
299
122
218
200
233
51
154
199
147
200
15
297
294
20
70
180
104
96
95
175
154
217
94
166
100
147
111
172
159
18
225
135
104
168
100
195
122
180
93
49
163
300
304
283
171
122
191
56
296
86
204
104
219
145
292
210
220
230
46
46
149
242
105
199
59
101
316
54
268
176
88
142
56
71
24
125
100
57
131
199
85
103
58
90
100
168
295
145
139
92
13
157
235
92
130
124
123
301
102
107
214
118
92
118
26
101
124
116
92
28
115
122
62
71
255
302
128
228
131
303
274
284
39
49
67
160
103
116
139
102
160
61
282
79
145
77
309
180
299
294
54
278
284
310
290
125
215
301
195
279
305
193
306
161
299
60
275
113
236
301
92
157
315
286
301
149
147
97
41
100
174
82
69
203
106
93
213
2
136
171
107
72
170
238
18
85
102
145
93
101
137
157
210
100
189
149
63
108
100
127
93
113
19
192
92
92
92
115
119
99
14
104
192
130
111
219
101
18
113
47
181
186
105
100
153
101
105
196
118
92
143
108
95
78
43
127
125
116
92
100
120
165
151
70
111
118
102
101
59
127
144
200
27
41
92
102
92
131
201
108
129
112
95
156
232
55
105
100
119
111
92
52
92
158
282
108
170
265
5
92
100
200
126
166
103
100
185
116
80
129
168
164
100
153
206
107
89
100
159
177
208
132
295
140
164
292
105
220
104
55
120
4
108
55
92
82
112
168
163
20
91
92
87
130
178
111
131
294
274
294
284
275
191
310
234
99
184
142
96
93
5
142
2
47
226
86
192
92
151
95
35
160
92
133
158
143
181
152
93
263
68
79
92
98
131
207
199
145
251
120
126
103
202
156
100
77
92
156
95
193
92
149
40
227
275
247
91
83
57
130
104
100
128
47
113
156
44
225
94
92
204
98
162
150
92
157
92
108
94
101
150
37
127
100
61
104
163
124
100
84
149
42
34
139
92
248
101
129
163
206
185
153
156
1
40
118
160
98
128
92
243
122
36
182
111
146
92
95
160
235
171
45
129
155
2
69
207
131
167
140
133
81
47
134
126
15
112
183
122
103
92
159
96
92
100
143
118
147
154
298
96
118
4
111
66
120
99
92
156
267
138
260
92
192
94
9
107
97
24
100
201
126
18
98
188
55
67
77
37
151
92
2
61
303
193
211
91
120
187
102
134
135
145
43
170
92
76
158
235
162
83
32
85
215
158
110
209
66
140
98
176
92
163
22
75
8
197
160
180
78
147
7
92
148
188
64
128
108
92
151
119
94
213
47
43
269
99
213
117
141
92
94
283
50
154
107
134
195
201
36
87
292
197
225
122
125
110
58
152
100
136
222
93
152
95
145
114
99
92
49
114
92
124
85
118
82
96
202
137
99
128
222
92
69
105
109
195
92
95
222
128
161
302
4
99
207
92
74
124
180
200
125
274
223
92
100
117
93
121
231
101
108
116
94
190
117
217
153
139
93
226
293
120
92
92
123
92
177
156
144
164
143
109
96
100
32
157
96
14
112
92
148
92
99
131
208
92
155
77
101
135
72
118
83
111
258
178
151
27
92
128
87
187
129
135
14
168
214
20
100
262
154
92
120
100
185
78
220
161
117
212
99
77
85
18
42
115
149
100
95
192
145
74
92
92
47
194
272
82
109
92
72
197
201
241
92
106
107
236
83
90
100
92
111
105
101
264
128
116
114
135
297
143
90
133
160
96
92
149
180
44
292
80
181
92
104
209
305
84
242
78
98
83
193
92
28
190
219
187
96
92
38
166
144
164
92
95
161
7
153
146
36
88
159
167
56
128
49
165
194
3
162
95
93
169
180
127
79
153
114
107
120
130
180
79
25
172
111
98
141
175
69
199
34
259
147
51
174
94
113
29
47
121
41
247
110
162
156
133
84
47
223
15
63
66
315
10
111
12
195
133
87
125
292
148
160
207
11
241
292
130
78
96
215
53
229
126
296
67
102
58
19
46
68
175
178
24
8
101
19
60
292
109
210
292
21
281
246
140
300
269
290
78
120
298
49
9
296
274
117
117
296
146
92
55
135
248
92
100
112
3
242
99
161
102
247
213
296
97
145
296
292
298
307
305
209
301
36
123
306
66
296
133
101
268
296
228
178
101
217
181
106
92
286
97
47
177
66
130
135
41
241
172
154
152
37
72
16
103
209
67
55
263
244
295
99
135
64
315
235
272
286
291
306
328
215
223
299
208
186
114
312
296
202
167
223
314
292
131
303
191
86
298
282
293
286
216
242
78
173
194
277
212
100
170
106
94
189
92
95
168
192
92
102
158
102
77
13
174
244
91
177
216
270
163
14
15
280
157
264
289
65
92
148
93
96
98
10
109
169
42
94
66
136
97
7
92
39
265
92
204
92
85
272
234
175
154
24
152
98
138
47
281
258
236
290
84
296
224
106
293
155
306
164
12
84
131
171
71
99
97
129
189
160
229
279
315
295
290
169
88
260
282
191
118
298
37
68
51
102
297
159
291
229
145
269
290
302
138
306
306
306
230
306
49
119
110
120
7
106
311
62
278
229
176
100
96
5
116
180
192
258
313
50
25
128
277
35
116
138
305
238
108
279
297
143
100
307
301
200
184
100
61
85
135
294
125
106
92
219
120
138
211
118
231
233
23
49
159
195
165
100
100
122
120
184
160
173
98
126
150
124
96
100
179
97
92
125
211
158
160
92
92
204
67
122
94
19
36
92
96
11
89
15
268
109
113
102
15
156
126
100
299
107
62
138
67
48
42
73
20
92
118
118
135
71
209
92
103
41
13
128
96
169
206
123
198
53
125
32
138
136
144
94
130
239
144
92
17
92
92
151
102
152
46
143
206
35
115
92
62
144
102
130
90
101
92
146
51
119
87
296
192
171
89
114
8
105
93
250
241
116
109
111
12
145
121
118
134
67
43
42
110
121
102
95
211
100
131
169
92
15
159
98
67
146
100
120
139
212
149
214
102
62
81
100
92
81
26
81
137
203
98
274
16
90
53
79
92
118
55
75
120
37
45
5
69
210
273
108
84
174
287
228
293
255
100
119
140
166
35
1
217
282
279
291
297
134
89
298
99
291
88
311
96
298
297
294
299
123
301
127
119
298
144
224
122
292
293
126
305
97
299
293
301
284
210
291
301
305
246
303
301
217
3
97
148
92
174
98
293
283
122
294
139
284
208
128
167
65
117
90
24
117
311
305
306
55
42
227
130
301
298
301
226
298
301
317
301
227
305
247
299
301
316
303
282
293
294
226
310
273
95
296
109
164
301
304
164
291
246
299
290
278
17
214
95
61
75
29
308
29
169
110
198
319
249
159
298
320
188
282
7
303
153
147
310
33
83
17
154
17
203
48
125
108
130
191
171
93
129
44
258
139
76
155
293
126
196
36
33
58
295
176
84
19
135
100
111
39
149
49
81
44
95
7
164
219
273
264
120
171
66
92
152
105
126
210
118
93
256
51
259
198
281
294
83
279
281
308
213
344
303
219
316
152
26
282
305
23
230
53
300
94
148
300
133
107
308
308
157
109
297
50
297
39
80
122
318
12
152
226
149
155
139
147
196
139
236
262
26
75
124
40
146
51
79
17
254
285
230
114
270
226
106
76
45
25
154
293
92
92
275
158
58
79
110
55
154
108
92
77
52
101
134
128
92
288
82
11
93
56
190
92
111
114
205
137
120
144
186
105
96
108
23
107
88
93
101
47
49
148
140
207
92
19
202
157
108
38
21
146
69
85
103
135
77
126
27
81
94
165
108
160
177
116
92
106
64
60
92
150
125
54
195
92
96
150
189
96
92
77
64
103
124
91
114
217
112
58
135
172
137
69
215
91
110
77
15
106
142
45
137
76
184
122
112
153
93
158
54
110
92
12
160
144
108
168
165
175
115
129
28
181
98
178
73
172
95
160
92
102
121
70
182
92
49
94
119
50
140
49
93
57
176
81
32
157
176
233
209
118
160
68
130
65
41
92
119
157
100
5
88
34
106
245
6
109
5
75
27
47
83
74
106
294
93
232
109
125
92
95
170
288
241
43
136
38
293
106
104
130
126
189
99
14
118
169
58
28
113
27
267
267
260
88
288
106
148
254
125
57
99
93
77
122
77
128
88
146
146
55
106
292
119
89
211
133
196
132
13
38
95
62
88
11
68
104
14
185
38
37
130
19
132
120
45
95
92
170
115
249
123
176
25
217
97
112
168
93
65
45
208
22
73
26
96
8
168
100
116
100
79
109
130
134
232
92
64
10
219
237
195
176
92
93
110
247
153
92
92
100
167
100
154
298
97
35
92
163
260
95
68
22
26
288
298
147
160
43
92
222
257
120
1
100
92
31
48
1
134
11
99
29
31
179
175
162
82
208
9
193
54
132
147
191
13
100
16
148
1
110
92
68
106
95
120
178
112
111
73
4
147
26
207
295
174
66
101
157
100
208
18
147
50
100
242
116
65
95
107
92
99
163
14
98
60
98
159
93
45
266
98
102
155
145
223
22
143
152
101
153
128
109
124
68
42
65
36
109
116
228
71
116
248
135
310
204
241
318
211
314
307
297
81
141
129
170
163
113
145
188
179
305
73
306
128
93
80
22
233
304
19
21
13
244
56
298
43
16
159
115
118
94
102
100
92
120
93
163
38
94
166
148
92
192
157
132
301
92
253
105
95
134
108
92
112
63
122
142
223
100
98
111
100
110
92
70
145
108
50
177
92
44
262
67
136
94
91
226
69
213
177
147
180
33
93
100
165
88
95
160
272
181
277
126
137
104
123
26
92
129
150
18
95
121
107
224
207
232
173
138
302
215
6
303
278
316
241
213
96
303
297
256
131
171
150
62
286
90
287
261
141
65
206
122
306
311
301
124
326
269
230
248
299
306
300
242
116
208
296
285
44
321
147
287
308
157
109
179
135
321
164
122
142
284
43
337
308
53
190
62
101
145
169
106
77
11
111
96
213
106
170
60
29
103
130
107
228
104
122
92
92
141
220
21
309
280
164
57
201
106
295
299
305
277
24
73
129
39
291
42
295
298
316
279
298
263
228
303
127
178
302
297
141
118
110
89
123
287
299
185
180
88
202
301
136
301
40
313
218
289
265
325
290
271
248
155
314
277
39
224
207
204
284
356
94
301
63
26
222
118
228
287
61
287
127
87
296
146
180
314
260
92
297
36
211
189
131
295
296
266
270
170
144
43
44
301
19
294
308
174
119
272
83
174
236
169
37
62
13
145
17
24
221
47
264
38
221
75
88
144
143
176
95
34
94
43
60
111
114
105
94
46
193
121
73
97
98
117
231
120
149
158
23
257
297
155
295
282
293
143
295
119
318
126
302
300
279
162
51
294
25
4
299
108
192
313
289
25
289
69
302
300
294
100
284
270
307
93
77
305
258
114
211
167
292
264
307
87
293
103
259
302
310
158
296
282
294
300
322
306
309
87
109
35
243
274
301
173
295
300
290
313
299
326
177
192
297
132
86
273
285
227
78
230
179
146
257
296
284
296
122
210
197
81
92
250
91
280
49
36
84
41
207
100
195
33
70
293
281
88
309
309
298
297
290
187
236
217
298
306
170
290
345
313
281
298
306
301
316
104
294
150
167
306
298
301
83
145
132
313
60
97
302
323
302
278
81
163
263
305
88
297
301
181
294
293
291
291
92
173
114
53
309
122
313
150
310
120
257
180
290
301
298
286
149
304
269
176
247
295
300
288
300
293
84
154
314
298
137
300
306
293
124
285
128
177
297
251
290
168
147
303
296
306
307
144
124
300
280
288
266
287
296
271
261
239
165
96
119
116
177
113
29
117
214
15
12
43
268
82
51
138
123
3
152
301
308
149
164
325
133
294
294
278
296
287
296
322
298
164
294
293
290
162
125
304
304
322
311
301
299
236
302
291
210
276
241
296
296
292
79
38
307
301
290
269
290
55
299
301
181
294
295
91
240
142
186
316
188
290
234
165
302
73
286
94
294
291
296
296
369
243
186
306
297
60
289
182
179
309
13
82
297
167
184
303
309
117
298
297
296
302
121
297
140
114
293
167
166
129
159
150
141
293
298
111
305
140
145
78
280
299
287
300
309
291
302
304
290
304
128
122
276
301
290
131
306
305
294
307
117
289
323
242
304
292
304
296
303
318
296
123
292
306
319
248
170
232
151
155
145
130
72
281
73
124
167
195
130
117
209
80
107
84
38
192
183
92
96
133
99
218
59
214
41
125
39
137
106
149
92
231
40
291
110
79
311
40
100
133
35
154
167
250
273
137
98
159
262
296
214
129
155
121
50
96
251
148
292
101
108
1
63
43
100
190
181
114
25
97
112
45
133
149
1
201
92
234
134
156
179
154
106
3
255
95
173
131
46
157
167
263
134
192
108
61
52
117
288
295
112
185
70
288
257
310
238
293
253
323
288
285
297
100
227
185
277
192
164
94
100
61
220
289
89
314
153
81
200
54
173
199
201
252
81
221
165
113
107
246
18
97
82
174
26
31
17
199
92
120
100
100
92
97
89
92
300
147
211
285
9
124
107
271
320
128
150
44
34
142
180
104
306
289
201
149
307
105
65
139
309
310
215
32
143
92
38
101
96
175
126
120
57
74
134
200
33
179
21
287
168
25
6
3
65
69
132
23
143
302
260
138
172
196
327
308
101
314
211
313
167
203
46
112
256
53
95
59
176
85
44
92
150
118
9
107
261
45
81
306
71
105
293
170
150
284
19
24
92
52
33
134
119
360
241
35
53
308
88
280
13
75
110
85
151
131
86
38
24
75
119
4
80
196
112
16
141
4
107
68
37
297
94
168
167
295
265
271
182
27
295
310
266
304
82
291
338
20
50
303
30
153
157
175
75
287
137
90
311
316
12
87
309
128
94
293
302
170
154
123
291
152
63
145
297
203
306
56
199
83
171
87
183
112
20
65
45
305
295
102
92
188
275
131
77
152
179
92
152
57
157
107
85
196
138
100
92
175
66
210
193
100
67
46
126
92
10
112
109
126
17
143
100
104
98
85
96
37
108
92
223
246
9
134
141
103
253
121
87
97
95
86
97
61
2
103
92
100
30
89
143
104
314
310
293
201
310
132
292
297
84
312
201
298
80
310
70
302
130
71
95
92
139
100
88
124
136
129
95
29
16
100
44
71
258
91
119
54
174
279
123
203
74
7
288
15
397
192
79
15
78
44
150
137
193
272
28
46
1
297
191
113
104
106
87
89
150
162
20
157
124
31
102
29
37
284
157
105
89
129
90
4
275
121
126
100
92
186
118
90
236
166
232
30
59
37
170
175
98
134
163
146
116
57
218
73
307
124
223
222
292
293
170
149
113
190
161
279
6
169
224
105
298
129
297
296
14
7
128
183
74
26
65
92
90
294
33
143
187
200
103
302
280
204
50
313
206
79
213
41
89
300
142
204
100
318
308
40
2
129
187
69
57
190
134
34
279
122
69
93
80
201
258
92
44
13
171
37
92
216
240
132
164
183
47
90
107
98
115
189
137
96
36
151
96
72
186
144
149
108
109
139
31
134
201
71
293
117
72
297
300
292
296
298
256
300
297
58
215
310
185
125
285
292
299
315
159
130
301
304
301
304
76
66
253
290
296
313
309
316
303
299
307
88
170
305
135
142
309
87
116
302
204
48
309
308
293
244
307
168
303
45
94
317
201
288
183
200
46
65
12
92
119
93
313
122
302
120
259
264
301
284
24
287
117
291
94
47
298
297
291
295
270
328
310
285
292
289
205
249
289
281
308
316
93
282
311
96
223
300
141
119
50
259
119
286
76
46
106
156
51
306
166
308
133
299
301
295
282
303
280
313
298
292
300
288
290
144
308
301
15
281
284
305
288
297
296
288
132
142
305
248
299
303
291
307
306
164
300
136
293
308
48
36
134
295
171
292
202
141
49
72
115
74
38
117
113
192
233
182
197
96
103
158
92
63
96
12
45
99
32
100
201
96
92
123
189
208
145
294
289
115
87
37
137
283
244
36
114
301
200
162
3
128
92
144
128
99
181
90
166
312
15
57
55
241
49
314
187
92
100
117
100
139
143
95
133
76
58
181
95
52
240
212
38
92
101
115
99
5
93
283
99
36
138
182
134
62
144
204
135
147
27
297
120
305
299
135
223
16
159
273
141
291
88
8
163
114
285
288
255
17
299
96
239
23
176
90
7
46
68
277
177
308
293
45
30
162
293
254
244
284
20
167
134
283
113
295
291
189
304
290
81
166
150
225
286
109
8
291
175
47
5
110
158
109
216
114
138
7
317
167
297
117
155
155
96
144
97
38
124
105
97
138
106
120
172
120
179
100
101
75
159
46
148
168
100
77
41
116
179
185
190
47
29
48
165
236
146
193
94
158
41
54
74
77
245
187
43
273
193
315
196
310
283
199
217
214
292
308
305
218
296
195
177
111
303
306
309
127
299
103
285
130
289
285
242
89
283
292
155
297
93
308
297
141
278
241
287
296
49
193
303
178
228
132
312
314
287
218
308
309
119
97
244
286
296
281
72
312
309
309
217
300
46
297
294
60
141
92
112
24
67
66
286
140
262
287
143
282
274
165
236
166
286
135
126
76
132
291
294
309
286
241
280
113
218
55
218
150
150
118
294
96
92
162
43
254
155
97
152
5
30
133
215
261
5
126
83
149
89
177
100
92
148
188
35
90
198
49
166
131
94
288
268
284
248
298
170
78
281
231
56
222
165
295
83
139
121
163
51
299
299
311
195
55
84
162
309
277
286
305
300
215
83
163
141
304
135
278
159
152
129
163
305
49
188
303
99
216
153
284
298
288
291
286
181
195
162
318
306
136
281
300
78
256
293
147
264
168
300
244
157
281
256
259
296
190
292
22
124
277
132
292
260
183
34
328
72
19
176
107
109
141
32
86
107
278
67
100
146
49
147
210
167
251
115
234
28
66
172
106
130
141
132
100
179
271
47
93
55
70
286
19
100
132
13
73
162
202
61
160
180
217
25
92
47
124
92
131
170
162
133
113
131
120
85
87
159
132
189
92
99
110
98
166
148
8
283
133
30
227
193
92
92
34
152
81
137
92
255
4
98
136
148
124
92
94
98
188
213
290
132
103
84
176
159
115
48
91
134
184
284
288
248
270
97
204
294
305
285
297
272
137
299
299
311
298
102
36
299
275
300
342
270
295
303
303
169
200
315
302
288
183
40
161
142
311
288
341
281
303
293
302
127
277
289
137
293
283
195
308
302
264
312
121
292
311
253
80
220
302
254
46
285
303
279
279
114
311
130
330
48
92
300
279
225
300
292
299
300
276
67
289
295
310
217
263
313
266
304
303
285
302
263
307
295
300
136
299
164
295
296
119
307
298
250
131
107
145
153
286
127
180
82
217
168
171
246
298
280
210
302
257
113
100
203
100
92
146
131
159
48
229
119
107
304
298
308
294
144
278
170
291
135
303
108
302
136
279
270
301
141
309
298
295
281
217
146
65
64
70
125
133
143
136
140
195
126
61
48
92
178
162
110
303
152
250
125
127
60
92
173
92
80
74
164
111
224
98
66
178
61
77
63
92
107
95
71
92
28
98
125
71
92
48
133
193
92
73
32
97
127
126
8
213
61
159
139
78
49
101
93
131
96
100
238
213
149
68
136
14
122
161
102
51
92
182
116
238
196
172
45
92
135
92
134
194
186
57
206
18
84
55
296
113
99
258
95
92
150
139
55
187
121
182
83
92
94
92
243
144
92
129
152
174
35
86
92
99
92
210
120
64
86
17
129
23
92
155
83
152
30
55
162
53
92
123
64
100
60
121
97
112
126
104
107
176
316
168
111
43
92
312
306
303
133
220
288
298
291
337
278
130
197
135
127
291
72
300
302
245
251
310
283
272
309
93
235
154
287
285
230
295
302
291
109
106
304
283
15
307
203
293
304
115
151
125
101
253
95
218
170
137
92
214
199
138
103
45
90
92
125
135
92
67
138
299
131
305
299
302
115
158
290
294
193
284
300
301
295
120
286
86
275
300
304
80
184
50
310
48
268
300
293
149
50
252
149
51
85
41
34
77
35
80
18
267
313
359
303
204
140
133
306
307
117
299
312
308
267
299
18
83
39
30
41
192
191
307
287
304
312
286
106
250
208
212
114
111
80
156
132
310
170
302
92
251
144
85
310
199
58
106
253
79
235
91
31
124
200
100
72
151
127
118
100
147
54
98
115
9
151
104
5
128
35
16
153
100
116
133
73
136
72
181
135
171
165
111
13
63
166
103
198
80
28
301
100
268
117
219
181
194
109
5
131
133
100
76
16
285
149
94
301
136
171
304
226
301
104
176
96
103
111
97
146
20
166
117
130
92
92
121
19
102
191
50
259
77
115
81
317
165
311
264
36
88
213
158
287
208
80
100
276
290
287
79
137
280
121
295
150
304
296
152
178
288
129
270
309
304
129
301
300
299
296
313
298
67
41
113
290
168
286
294
266
233
122
21
85
92
19
99
256
110
252
124
298
180
175
298
126
267
173
291
165
309
65
163
303
137
297
299
290
173
226
332
295
291
282
298
153
301
139
293
311
298
286
290
206
292
133
303
158
144
303
309
129
43
297
55
302
226
81
100
104
92
165
150
123
18
106
50
158
292
92
123
79
118
94
29
66
131
160
305
275
309
92
306
301
194
129
187
321
21
282
173
73
121
305
309
133
3
298
225
262
106
57
89
293
284
279
295
129
294
177
89
295
300
64
310
93
307
91
50
133
57
288
308
291
304
210
283
105
157
133
296
293
314
290
165
77
277
277
201
290
287
138
100
98
163
232
113
79
297
301
128
130
127
300
291
256
77
288
299
293
74
136
296
156
320
83
18
270
247
24
111
156
178
109
116
92
115
283
214
124
124
299
214
40
139
113
56
78
146
114
308
118
168
177
163
89
100
131
133
17
88
17
152
136
59
92
54
55
134
136
192
93
100
107
95
99
125
92
102
99
306
290
152
219
28
68
118
123
92
154
235
145
150
92
175
92
109
144
130
198
129
309
168
142
200
113
81
108
95
96
307
309
302
308
290
292
285
298
265
301
280
307
130
303
278
294
159
191
258
322
298
306
274
295
301
256
296
15
41
219
318
157
295
169
312
133
22
56
279
292
134
311
169
11
311
159
58
246
149
304
50
285
302
298
307
297
297
309
287
310
309
313
148
298
204
290
292
94
6
278
278
307
106
194
50
54
92
90
91
105
112
166
129
305
257
267
216
292
59
296
303
153
134
53
107
159
122
117
260
52
64
57
109
42
100
71
75
151
36
42
10
205
118
305
300
95
6
256
289
129
310
295
318
297
46
292
310
23
302
288
299
305
293
291
318
296
308
172
43
314
135
83
107
129
331
285
291
278
283
300
68
302
277
262
296
149
13
185
307
327
91
124
296
122
116
74
119
307
297
227
188
163
292
232
308
310
306
242
134
299
216
307
273
296
297
51
244
134
317
20
289
312
300
148
309
156
154
127
52
45
53
49
113
29
274
294
268
50
343
22
2
71
25
209
176
15
313
122
34
307
220
216
158
304
302
291
295
294
280
296
292
301
298
216
308
300
284
306
225
291
175
284
295
299
294
190
294
132
125
294
298
102
296
258
294
287
135
155
130
311
144
265
42
257
281
285
308
315
292
295
163
316
315
309
99
66
305
136
123
310
305
169
313
140
94
289
307
301
317
152
298
297
58
252
132
116
62
182
122
88
310
62
119
129
17
292
57
60
189
100
196
25
280
37
120
307
222
271
132
286
110
298
302
300
295
302
192
176
278
298
292
81
306
57
114
77
62
35
57
134
21
307
115
209
131
200
62
94
47
76
20
100
156
301
277
152
307
42
124
109
157
54
287
127
260
8
220
106
64
297
171
56
35
133
68
175
77
283
87
140
195
122
167
138
120
268
92
10
142
116
64
107
142
130
147
108
227
113
134
165
63
118
92
92
124
92
35
113
97
24
133
236
298
296
310
149
291
312
307
65
182
305
302
307
154
308
179
142
96
225
293
46
286
323
65
91
107
89
33
80
193
100
6
299
293
300
302
306
286
291
299
120
307
129
40
136
224
289
299
145
82
129
90
30
38
303
109
310
220
92
98
61
288
179
338
95
301
164
286
288
298
76
158
294
103
169
258
123
112
118
177
92
101
132
77
300
58
179
92
157
115
160
174
13
51
113
197
11
203
301
152
293
270
305
139
12
309
331
317
85
109
112
96
118
136
270
8
18
140
113
309
294
305
229
127
214
101
308
290
146
314
304
193
198
245
142
222
226
124
100
199
100
112
79
51
220
92
106
76
170
142
242
100
197
183
109
133
300
33
25
200
113
187
29
181
158
115
92
143
228
42
189
87
128
100
56
92
151
16
36
279
287
305
225
292
308
295
159
308
47
304
297
303
294
298
283
85
136
48
257
131
301
291
268
299
131
151
131
278
129
292
86
56
286
290
286
307
302
301
142
295
160
150
33
307
306
311
308
139
302
307
295
299
154
160
220
309
280
307
313
296
309
224
290
226
53
261
149
19
130
244
200
73
94
293
294
200
314
300
341
107
273
308
190
298
300
120
282
314
302
105
169
288
139
299
281
311
282
302
244
106
223
164
295
146
124
3
216
21
293
81
293
307
173
151
297
296
299
161
253
296
289
305
155
233
296
139
53
304
281
87
289
293
289
169
308
133
222
284
134
251
171
297
16
300
320
304
307
252
290
178
315
143
305
301
303
296
303
222
295
232
109
131
203
290
294
297
302
284
313
309
291
299
71
199
306
302
305
309
313
274
288
291
307
299
303
298
191
309
316
306
282
160
115
286
230
283
85
296
309
309
280
298
134
161
291
275
135
231
120
68
287
286
129
162
201
36
76
284
293
224
302
299
201
149
299
155
136
292
288
170
267
214
52
20
151
68
274
312
294
291
111
305
70
38
303
265
275
282
187
289
118
155
138
299
246
367
299
282
303
304
329
133
307
322
286
317
307
281
168
125
41
299
229
301
124
304
303
117
80
62
312
118
302
270
46
294
293
118
225
129
123
5
31
165
170
260
139
308
307
335
161
308
166
182
67
119
93
52
