42
3
216
15
144
229
248
209
118
274
125
105
92
105
44
1
163
400
189
28
243
228
283
200
333
112
71
262
222
400
41
48
286
27
537
64
171
400
81
51
133
242
127
387
52
83
71
200
600
400
276
30
13
809
135
354
400
83
43
61
6
400
192
204
1
100
67
107
26
282
214
97
85
31
400
21
335
132
200
366
7
35
15
155
301
235
114
130
268
60
211
177
108
256
175
87
170
201
139
108
39
71
287
400
47
68
1
229
96
59
98
110
57
84
261
152
151
170
15
84
62
110
434
233
600
115
28
254
508
178
221
106
33
219
281
657
400
103
286
150
56
218
93
400
418
83
397
603
122
38
47
143
59
229
80
47
114
47
297
1
560
