65
139
44
198
447
47
203
155
50
2
109
42
50
74
45
1
123
120
72
58
61
166
285
4
262
266
300
473
191
44
293
102
217
122
287
2
279
591
79
91
92
262
109
122
100
6
45
69
73
190
177
283
51
179
20
12
28
125
57
5
34
81
143
3
21
132
156
346
1
132
87
65
25
69
152
72
157
484
138
172
46
126
30
5
229
144
160
45
63
18
22
185
142
193
110
229
180
111
27
69
296
152
85
194
220
433
127
73
29
192
268
57
305
54
31
11
59
56
284
29
114
340
38
130
200
24
161
404
31
82
19
107
210
228
300
117
59
31
133
191
292
304
31
50
173
147
20
39
49
93
8
39
96
138
87
58
119
217
195
55
21
9
182
106
104
52
41
237
113
97
36
34
45
13
49
113
54
68
307
170
129
232
44
49
59
158
66
96
32
113
170
118
34
153
159
110
154
144
116
246
247
40
192
52
20
341
313
38
112
68
187
199
209
23
28
92
164
80
151
293
124
68
53
25
32
131
77
82
115
51
100
41
244
157
90
78
98
12
84
88
149
23
142
33
34
76
34
168
112
93
130
39
164
141
200
114
42
113
83
127
19
133
130
34
31
35
79
4
28
72
42
65
78
180
71
70
105
97
28
397
200
63
15
69
98
175
58
234
652
12
500
124
48
77
35
128
9
34
27
166
14
1
118
138
350
127
186
47
92
7
126
54
10
143
2
252
125
283
122
38
302
95
106
180
60
19
421
77
292
269
152
200
96
491
63
152
