72
92
14
76
209
106
139
168
228
285
199
182
159
104
92
84
23
92
79
30
92
133
92
21
93
123
321
237
55
134
162
122
49
92
9
44
55
140
14
105
36
61
95
154
82
97
27
42
44
113
128
169
86
73
329
324
124
278
464
92
145
46
12
26
62
144
76
14
40
57
68
167
87
145
92
143
62
229
436
82
141
20
94
116
31
24
215
161
135
67
107
123
69
6
2
41
49
17
113
28
33
74
72
160
43
25
119
255
29
7
14
14
192
75
69
100
31
78
34
4
218
22
31
6
113
245
143
60
131
71
106
26
136
73
1
31
3
70
92
57
100
110
206
127
294
16
368
106
40
39
34
165
42
75
3
41
268
27
92
17
173
263
24
92
10
19
136
133
230
75
158
33
64
8
118
72
32
203
53
76
100
45
264
47
94
174
75
72
81
5
15
118
432
92
97
184
6
128
197
246
17
7
111
23
184
20
123
386
10
29
25
74
320
39
32
231
123
209
52
175
46
35
165
157
15
197
172
168
47
2
173
132
84
21
74
147
8
73
256
74
238
107
91
172
54
29
248
83
93
65
15
68
45
122
77
38
120
92
13
46
195
8
293
155
53
158
122
140
65
38
137
78
46
120
100
104
217
111
28
231
95
96
166
390
228
11
210
104
108
398
7
327
171
43
264
150
16
373
327
31
79
78
17
29
203
332
3
32
84
67
167
95
59
156
71
42
142
95
212
6
152
25
165
13
114
178
218
39
137
179
443
135
17
100
4
97
312
50
155
65
33
285
184
138
146
99
166
44
74
214
116
92
300
23
67
101
397
82
6
167
28
47
28
307
17
118
127
27
23
166
31
234
112
40
54
325
92
85
54
79
415
55
1
208
209
127
103
1
86
38
38
184
72
48
63
155
89
358
156
65
131
202
151
39
183
220
99
93
32
26
100
255
37
17
64
30
6
44
279
254
100
118
20
418
81
263
48
145
55
101
31
91
82
296
111
131
17
113
3
21
135
155
107
6
210
30
66
62
207
183
3
43
46
39
149
41
46
238
43
313
619
340
62
305
95
58
