72
168
228
182
84
79
21
93
123
321
237
55
134
33
6
63
49
475
131
103
466
74
468
100
140
197
235
249
135
11
104
58
24
27
44
169
329
278
464
145
600
46
158
250
40
62
186
94
31
73
114
124
161
28
123
400
634
257
109
129
164
404
222
141
313
855
122
26
110
51
29
17
92
423
239
113
115
68
167
192
1
218
6
148
113
143
359
87
13
66
368
126
49
136
84
268
173
263
712
230
320
16
274
72
198
33
256
210
47
407
226
602
112
116
432
128
13
197
267
620
212
53
23
386
25
153
35
157
74
249
36
39
141
68
16
147
77
486
67
241
384
198
58
35
476
161
41
121
71
122
54
120
164
380
62
8
155
83
53
87
140
367
807
65
38
131
100
1
4
86
327
133
347
130
270
41
217
384
103
66
390
120
398
80
264
319
39
49
591
307
373
90
136
198
84
189
299
95
125
158
649
64
178
218
76
225
114
443
17
704
47
97
397
47
28
17
118
27
173
95
31
234
360
92
85
439
108
54
105
1
64
86
126
297
142
81
131
131
202
151
135
341
220
340
330
13
76
68
319
58
104
319
138
47
105
64
129
619
73
279
254
374
236
182
55
101
296
59
17
104
30
62
207
183
43
46
314
287
11
143
78
294
184
46
619
340
62
305
107
267
306
121
37
15
82
