389
281
517
183
177
371
61
299
11
123
281
318
130
429
161
50
257
282
266
31
62
170
38
101
189
521
96
376
123
58
71
26
361
531
94
336
118
149
322
86
359
142
256
570
95
360
54
60
83
2431
497
163
11
123
102
165
50
905
306
466
258
298
156
15
30
140
143
296
50
170
32
219
135
142
237
342
56
105
134
155
342
367
582
24
400
160
153
170
111
325
396
393
125
530
74
14
172
144
237
251
282
10
32
35
25
137
201
3
33
373
99
251
137
59
4
93
526
400
228
454
412
19
109
266
592
87
16
193
58
103
122
36
219
1742
456
43
1541
100
279
128
124
115
229
24
256
439
108
124
162
637
398
131
165
55
307
283
903
100
200
76
23
95
370
193
241
1240
229
324
103
211
466
87
591
518
107
420
783
279
278
317
455
555
43
398
379
109
409
960
307
330
221
506
128
400
276
136
127
251
233
342
217
107
98
124
445
1020
419
202
230
92
339
170
76
345
376
7
243
412
355
873
115
258
103
175
568
450
177
151
897
200
232
364
1402
177
158
407
141
357
62
252
247
450
541
395
24
722
364
238
200
220
318
358
425
404
486
144
203
424
234
252
352
30
226
253
401
120
517
260
356
124
514
400
367
382
27
362
186
265
424
315
101
59
331
534
337
427
510
54
483
88
316
612
183
317
185
256
335
332
303
194
136
231
132
33
463
159
120
870
493
379
151
392
90
358
181
249
180
140
546
208
423
279
133
593
258
122
213
143
98
36
201
573
259
1
8
13
170
128
72
130
230
77
20
50
198
285
130
42
174
129
545
52
717
272
1014
164
139
32
98
55
100
23
140
253
410
29
155
390
1054
1869
1129
1209
95
1
242
91
207
75
184
69
1009
51
1067
411
1371
132
381
30
428
549
414
337
392
241
270
597
386
342
445
1465
370
477
308
414
377
1202
90
270
664
371
396
39
93
414
382
298
350
102
122
46
100
355
117
398
544
54
317
491
472
334
386
256
294
496
92
371
294
31
80
340
1477
130
382
484
216
187
351
1337
382
12
3729
1780
448
267
54
128
431
825
538
372
318
371
486
205
260
204
356
247
385
193
66
867
128
93
146
100
13
141
376
79
48
207
67
283
417
322
562
184
277
148
502
541
534
3314
156
248
329
471
70
469
84
137
78
412
394
96
394
331
105
768
252
162
388
589
171
236
528
180
186
144
526
1106
888
399
412
135
302
107
336
131
117
519
43
421
494
135
406
241
234
142
38
338
43
413
358
484
254
690
85
148
263
723
254
398
89
362
72
160
172
452
204
608
137
257
186
58
42
121
406
94
285
51
388
122
325
138
229
55
100
292
73
95
730
651
144
255
243
55
94
346
61
102
822
741
108
281
250
53
549
94
335
63
97
115
819
402
138
267
242
55
60
335
105
96
810
227
203
132
304
233
56
92
223
2
121
95
110
98
1364
125
175
239
55
95
316
38
98
75
61
1535
154
266
240
56
95
343
64
94
828
762
142
255
239
55
93
346
60
97
821
741
107
275
231
55
549
92
332
101
107
115
1308
136
284
242
55
60
335
105
96
1550
150
287
202
92
318
81
95
112
98
501
938
155
265
239
55
94
347
101
98
75
42
1532
153
266
110
38
56
95
343
64
94
860
535
147
254
188
94
346
61
95
1585
108
275
231
54
549
94
331
106
97
115
1320
153
263
240
50
94
344
64
94
579
899
149
283
167
24
103
151
383
250
237
336
171
1
417
363
69
179
65
366
371
418
382
134
259
25
103
170
45
41
32
459
248
216
211
178
22
572
513
574
296
210
41
497
372
256
411
126
514
1398
970
372
72
269
64
261
461
193
357
1120
423
128
148
147
216
108
115
370
150
111
573
68
427
494
176
413
1329
146
46
388
326
583
388
75
308
117
11
135
972
43
79
151
304
153
489
586
366
426
209
398
35
161
252
406
90
397
416
222
50
456
460
372
396
117
71
137
366
355
145
234
290
165
134
83
249
365
887
338
184
495
443
437
177
187
109
34
216
342
108
159
562
391
68
64
54
319
35
208
436
632
270
60
237
120
185
83
44
169
135
95
122
330
366
264
363
240
184
92
65
109
47
152
373
316
303
99
245
396
115
433
288
105
207
748
430
446
128
537
164
94
84
202
54
539
296
342
83
488
708
39
46
28
94
364
12
545
383
460
145
66
447
364
333
371
405
156
1527
575
515
118
377
209
12
85
188
153
303
241
269
294
102
138
9
203
379
166
99
375
111
240
222
257
198
184
509
104
89
552
47
282
352
353
780
118
266
351
171
208
369
329
374
402
72
149
57
39
350
441
224
68
507
1282
181
395
16
63
97
578
84
339
596
174
62
29
435
488
359
361
345
357
353
378
342
26
74
329
202
138
418
352
520
1556
545
78
118
164
223
440
191
72
366
474
427
419
431
587
199
443
425
192
166
231
356
316
185
331
239
314
458
1636
428
365
282
363
339
151
397
156
70
23
728
1234
82
378
55
215
460
549
463
128
58
706
764
457
559
397
426
346
469
404
132
269
110
282
245
301
83
376
130
750
243
220
4
406
684
262
239
373
406
69
98
361
335
428
350
88
107
417
10
41
498
491
580
473
353
565
391
478
383
1185
198
301
369
388
365
446
151
114
469
66
231
163
278
164
197
175
511
485
97
240
303
424
629
115
628
235
609
366
817
267
373
119
268
33
188
444
3402
2108
456
713
107
353
149
370
117
273
195
396
22
400
478
36
112
367
352
251
371
26
2703
463
546
606
473
368
398
624
119
77
195
317
165
270
99
325
106
506
244
360
780
253
375
423
341
82
108
87
176
257
610
416
42
599
462
111
389
145
418
6
42
40
75
65
167
98
104
421
73
104
114
36
144
117
1069
920
854
139
146
16
449
27
279
717
751
352
359
690
442
369
68
544
100
1018
61
251
290
83
511
480
267
96
185
374
41
455
371
224
613
212
541
2709
268
50
463
286
217
272
112
150
31
858
218
218
156
60
41
116
166
307
399
109
115
59
376
51
585
203
200
254
118
240
442
455
32
513
91
104
297
1191
432
158
182
361
163
113
37
10
88
287
259
395
12
281
62
597
187
164
179
131
87
453
320
131
99
184
250
329
39
120
80
89
336
251
94
370
128
324
388
375
634
107
825
308
327
96
183
339
160
146
9
223
191
68
167
302
535
232
597
542
144
325
1794
1009
272
172
389
277
162
56
188
97
370
224
361
372
368
1554
362
360
187
377
499
134
268
227
285
368
105
108
368
439
399
58
343
57
153
65
248
18
197
200
177
590
539
65
427
115
129
117
159
361
452
383
63
367
507
926
365
262
235
261
303
256
102
85
437
527
229
541
80
236
56
506
404
212
1199
386
365
246
204
139
244
6
109
478
692
1145
92
381
333
819
393
379
495
127
259
266
306
237
442
1282
267
128
609
134
190
306
475
401
1169
2705
662
218
218
287
103
416
384
483
51
235
473
223
658
5
29
221
400
2231
531
850
663
211
378
402
376
136
242
240
394
600
250
141
388
209
166
170
502
246
411
101
42
58
42
366
80
378
335
549
501
123
112
284
137
410
464
352
357
272
595
419
202
163
165
481
146
104
84
745
59
42
352
32
885
369
380
209
429
301
367
100
99
299
446
446
375
395
178
368
53
350
361
1555
353
160
414
450
332
2557
143
1726
215
378
334
74
545
56
536
342
552
117
16
60
216
819
1177
1863
243
522
979
1015
411
58
118
50
446
371
197
172
54
267
142
368
94
431
1363
44
51
82
52
259
120
158
173
363
1111
365
346
416
192
113
75
74
1070
359
41
425
1310
1436
2602
2354
273
381
463
285
67
443
35
2426
257
68
155
72
678
770
97
67
576
490
88
295
317
12
478
267
290
58
143
426
385
342
308
378
57
129
361
168
228
287
345
284
104
574
516
115
479
139
398
348
55
359
447
147
69
104
391
44
114
368
38
424
41
141
137
273
115
169
47
237
106
559
186
584
284
330
135
418
164
381
109
87
19
420
444
113
320
439
223
95
138
356
114
270
384
101
114
222
357
437
353
526
303
263
272
453
367
410
742
668
51
261
345
196
191
112
498
500
696
547
24
136
238
421
320
336
81
447
138
231
443
155
159
421
230
966
599
734
626
964
329
44
123
299
795
72
241
221
136
190
215
690
323
336
38
347
143
56
150
60
67
228
554
236
393
102
226
482
169
54
635
116
111
287
67
121
278
165
264
456
119
42
114
3
427
173
450
243
308
201
247
692
295
345
354
155
65
127
2
373
66
67
94
447
398
802
268
515
954
1170
604
401
478
453
164
30
146
158
162
269
66
280
332
200
187
198
395
104
154
255
12
413
119
155
207
144
321
457
57
94
4
849
923
2
238
440
251
205
156
220
186
235
242
448
324
352
233
313
410
458
265
272
174
59
226
124
457
35
345
99
1075
368
57
233
162
140
111
87
472
215
373
967
79
182
368
351
95
377
323
361
308
73
142
113
412
280
187
58
360
105
172
151
476
199
106
56
122
101
133
363
288
1159
354
45
209
375
376
168
407
221
103
40
1707
234
872
406
288
161
195
456
397
369
40
553
72
139
97
274
104
132
558
172
174
349
403
400
48
392
394
266
51
381
467
247
212
365
644
729
359
375
383
841
638
318
380
1061
365
487
353
537
753
600
151
139
216
305
261
380
219
102
208
226
72
91
223
105
27
280
63
458
125
156
377
233
72
594
203
133
757
85
83
91
441
139
131
246
49
156
114
93
103
558
493
257
221
437
622
543
643
236
160
83
60
13
112
75
365
116
448
410
392
220
368
374
1517
373
95
350
73
211
114
83
376
351
354
536
113
352
543
68
84
18
335
350
44
40
154
499
927
351
198
24
284
158
233
80
56
528
99
44
1155
347
513
46
220
370
243
547
362
400
482
65
356
346
91
187
43
438
354
1183
88
71
695
274
432
575
250
187
348
110
99
256
1611
5374
124
594
274
152
401
190
336
132
399
134
109
234
301
43
117
116
37
89
383
284
286
380
222
239
353
160
98
558
155
511
249
126
196
75
255
25
1023
398
85
218
428
520
154
417
377
203
547
145
420
345
69
66
65
68
69
69
69
68
69
41
319
1580
103
76
278
115
76
195
277
76
183
51
83
336
339
352
907
391
354
358
496
91
723
48
212
353
952
281
349
87
60
119
283
217
669
303
445
777
291
38
1753
2259
983
674
232
136
98
335
1660
190
783
388
406
480
77
490
253
205
76
289
290
163
239
360
319
275
1553
368
673
506
75
207
63
629
451
1202
451
318
51
56
407
423
279
120
190
88
180
169
133
352
1571
210
799
367
360
37
373
383
100
156
338
332
109
98
373
320
35
909
111
345
152
358
59
145
172
246
870
87
175
193
169
107
723
70
308
173
486
221
414
547
523
153
71
104
593
372
144
45
463
690
1414
453
385
928
92
395
712
510
486
295
439
369
157
204
544
32
455
103
348
209
565
334
519
367
365
137
303
125
110
143
103
91
143
164
452
365
440
486
349
478
363
363
768
370
885
528
386
205
687
337
98
415
273
324
241
386
80
216
964
466
181
354
522
323
277
60
405
85
238
320
399
5
42
220
657
288
412
267
1460
211
375
43
349
87
720
409
91
362
521
653
471
358
131
56
337
152
508
345
828
369
65
532
827
524
371
210
63
891
479
328
457
19
359
318
470
39
204
586
347
247
41
399
33
108
150
192
392
450
184
187
425
421
313
417
187
327
371
356
79
177
196
10
77
274
346
246
331
209
112
46
299
105
354
358
363
509
97
775
194
252
43
333
480
90
340
205
11
39
284
397
359
283
1006
115
196
62
444
212
27
120
257
63
83
393
47
265
362
237
604
107
524
398
61
212
68
34
95
208
398
376
193
243
330
374
147
388
410
98
154
187
259
125
599
47
95
534
157
142
42
197
314
3
456
115
118
67
401
732
112
367
155
120
159
674
226
503
744
227
179
339
372
1453
334
459
1024
345
330
198
278
607
353
113
558
114
108
444
4
219
951
337
426
688
295
407
91
562
272
279
593
241
257
605
540
364
522
580
189
190
157
428
202
143
368
188
401
693
453
334
370
186
490
580
376
331
83
188
183
291
543
621
359
313
1928
1684
1861
361
136
42
59
315
177
46
383
403
518
126
397
366
169
128
1464
364
487
60
119
265
359
106
268
305
460
155
393
301
100
341
1757
419
175
426
641
342
51
361
367
45
119
132
301
1124
247
71
359
263
343
26
612
293
396
349
1573
349
504
243
88
245
110
233
409
418
371
158
406
349
358
358
368
275
360
345
1282
151
354
372
363
86
67
230
365
552
394
255
230
42
47
19
119
237
521
488
363
128
50
355
359
132
423
34
65
100
197
267
418
388
477
280
92
159
343
191
392
271
345
338
190
330
103
172
6
277
224
165
388
363
444
491
82
347
357
327
96
36
260
628
102
293
348
142
403
928
284
273
385
442
149
191
107
455
244
190
433
229
346
56
73
191
73
298
38
427
152
87
223
392
1582
19
662
657
89
155
142
51
227
373
51
98
108
145
25
285
306
447
591
468
211
77
365
747
250
214
131
112
190
415
72
801
293
662
741
145
67
248
131
91
495
71
115
281
193
83
343
226
116
401
159
409
130
379
229
123
304
9
389
2285
67
289
50
67
88
47
75
211
804
87
472
359
85
438
126
275
366
95
1505
203
11
115
283
418
391
182
219
53
294
46
47
233
20
153
378
71
119
411
339
101
550
273
293
415
378
64
109
39
295
31
19
333
5
958
341
137
284
55
125
148
420
418
854
361
226
196
74
524
376
413
262
397
365
408
18
404
352
168
102
813
235
166
362
115
92
140
303
269
382
85
234
511
436
382
160
347
58
505
570
418
404
165
223
352
18
446
368
110
9
597
90
316
292
128
303
109
78
396
400
641
131
338
517
404
426
256
545
244
67
104
363
248
200
279
424
358
203
143
198
372
686
84
82
358
425
401
323
251
499
360
67
207
155
192
159
329
212
128
67
547
516
61
219
5
79
216
370
215
352
268
545
362
351
1541
319
372
371
1543
352
429
343
366
534
158
66
153
425
455
200
276
296
103
252
199
170
782
373
104
109
37
198
156
499
410
178
75
81
50
309
533
105
251
48
389
109
302
685
176
380
497
389
66
1601
404
384
706
232
390
233
56
330
78
67
640
872
508
370
166
386
284
46
618
54
100
412
1045
477
403
391
56
193
41
172
160
362
419
364
356
775
603
356
73
132
572
464
194
144
434
403
740
225
441
258
152
165
72
206
850
139
209
239
378
278
398
54
449
473
371
366
775
299
119
294
296
140
390
260
434
909
86
1691
121
996
557
516
278
943
109
341
401
738
106
466
642
163
41
57
686
126
786
107
277
176
165
77
86
608
69
167
51
105
608
105
207
364
375
360
84
186
390
3
409
117
43
251
56
417
731
479
237
58
380
74
462
402
56
120
172
503
423
93
343
93
157
238
112
408
97
278
291
58
180
5
54
409
133
353
407
329
313
258
146
380
417
626
412
361
366
223
349
626
99
233
87
10
311
194
2392
318
17
55
541
194
414
148
133
156
422
364
396
144
206
366
486
117
134
185
199
386
291
575
181
486
340
609
384
133
111
64
326
414
78
313
52
233
451
139
127
413
349
66
256
174
94
106
178
83
463
348
22
59
471
355
345
207
356
166
32
401
177
361
465
65
68
152
352
586
49
361
152
442
477
173
169
361
1056
82
497
126
391
335
335
347
4
378
39
351
177
147
366
41
247
138
118
350
346
1093
217
340
641
569
32
19
418
89
149
1145
561
379
367
70
327
34
400
353
1652
375
158
124
122
217
342
558
170
55
597
338
120
151
102
339
533
872
367
378
107
7
198
1564
347
398
145
141
129
522
127
14
177
165
276
175
76
398
287
573
373
2
120
1089
179
237
502
356
637
751
349
138
142
446
85
349
1149
409
85
438
251
463
226
65
279
360
152
259
111
144
234
380
162
462
176
111
74
186
295
161
151
457
71
159
35
63
292
60
173
126
196
279
227
491
349
149
362
859
300
61
108
117
201
405
260
193
400
450
419
323
163
292
1534
360
580
514
31
380
89
43
354
287
269
152
229
115
207
250
68
626
522
543
653
34
434
141
352
122
158
857
390
262
386
162
377
1297
134
309
62
492
36
79
3
229
33
134
267
554
397
98
444
793
225
324
453
234
239
339
172
341
386
646
205
47
212
420
359
380
487
333
320
163
227
353
333
402
310
101
172
338
95
170
427
295
734
384
346
84
375
338
816
100
568
348
220
364
1130
620
61
402
903
123
2387
411
158
1227
424
517
221
128
159
104
63
279
395
341
360
174
137
80
618
362
361
348
363
1486
376
148
731
106
635
315
306
13
469
224
150
386
426
250
81
159
125
33
517
127
252
1511
92
73
149
554
24
87
91
133
302
400
612
266
339
173
90
643
50
342
183
374
127
330
278
106
176
395
1564
261
40
16
332
168
269
512
230
66
150
149
70
169
71
353
46
397
303
62
366
358
260
487
2258
87
94
377
416
1196
376
357
86
205
843
164
344
138
201
109
353
374
68
448
380
270
1629
433
118
783
494
749
100
250
340
173
365
242
1634
370
473
186
99
220
477
10
201
410
369
139
331
332
86
201
156
516
307
357
264
60
175
183
224
912
243
361
460
278
150
74
666
739
380
162
525
973
367
164
419
330
421
149
78
147
669
186
315
460
595
386
146
72
269
167
42
283
114
292
78
300
45
8
15
205
322
492
217
258
410
157
287
347
353
1028
2127
492
388
99
59
1310
512
359
228
124
346
362
341
116
377
25
564
387
260
3
97
553
36
84
298
351
200
335
372
222
265
114
556
370
393
90
228
304
260
509
398
42
999
338
103
186
395
55
415
82
376
799
177
107
171
494
181
79
293
430
180
402
177
474
376
277
504
1078
50
123
711
207
256
413
369
573
1002
1117
251
651
126
88
184
45
66
453
182
478
380
358
138
35
406
245
230
136
137
180
576
322
160
433
422
209
110
183
85
108
217
366
92
395
557
357
1157
200
363
323
80
485
17
908
362
60
701
194
145
365
550
229
192
504
55
111
214
350
601
363
55
387
166
289
108
483
138
11
361
730
715
318
208
1014
1031
78
378
485
91
218
241
68
242
280
184
683
385
133
291
259
427
169
370
59
388
363
360
378
51
280
39
66
641
559
179
362
87
376
183
280
395
477
398
316
377
256
205
411
372
381
1257
46
248
51
261
4
77
1850
105
110
98
1082
469
130
199
81
155
98
31
144
146
499
671
181
103
70
518
391
124
354
159
715
379
352
665
459
486
368
153
11
269
87
158
443
413
32
210
334
525
256
353
759
189
225
87
199
189
577
209
143
116
208
339
311
390
424
344
190
55
1100
548
469
347
86
329
193
414
208
518
150
51
324
130
426
427
423
65
225
243
246
483
1408
379
640
403
436
183
314
302
360
116
66
257
46
165
171
108
591
303
713
1390
1482
519
298
214
99
476
115
161
227
303
177
431
96
97
121
357
417
573
44
509
942
148
87
724
1616
694
243
849
576
995
474
63
277
340
92
83
339
376
660
242
359
352
356
115
757
467
373
429
336
323
726
360
449
94
130
16
445
49
94
190
399
246
702
195
371
557
481
681
49
69
49
197
88
316
144
175
226
375
126
148
337
57
360
300
360
814
580
354
355
1443
73
601
748
527
359
451
418
393
1636
409
377
164
232
410
210
595
168
146
266
530
164
69
506
368
1575
375
457
117
326
119
763
56
231
236
390
377
356
1588
35
293
464
544
332
364
390
212
422
136
1
513
91
316
72
739
970
369
352
226
220
335
165
454
567
840
192
350
654
212
37
76
590
308
403
10
168
371
181
324
107
45
311
87
26
184
171
211
143
130
359
518
759
44
159
263
208
518
59
176
31
24
63
188
472
269
113
353
378
250
292
116
97
79
124
358
1683
329
104
386
363
94
356
291
304
346
204
388
379
245
604
263
275
1137
54
372
517
421
168
84
143
85
127
490
126
397
180
366
100
364
586
36
284
242
83
319
84
454
265
156
381
475
297
113
215
358
1536
324
256
606
58
398
523
404
481
112
516
95
487
117
351
105
126
34
95
824
86
399
94
347
885
426
353
373
771
117
580
400
114
508
322
114
333
249
35
363
372
639
27
718
485
323
88
371
304
155
548
299
509
505
417
331
231
713
141
481
736
333
116
399
1149
513
195
219
356
141
119
67
249
72
215
118
162
340
444
454
80
80
135
132
195
106
413
324
461
59
163
45
259
439
354
117
435
60
460
328
377
49
436
63
645
249
301
377
1213
258
77
65
585
552
388
336
319
292
177
214
837
600
155
379
43
71
368
69
334
324
509
491
455
862
230
705
598
371
378
52
50
286
97
499
183
163
58
324
3974
701
374
229
182
139
353
319
489
118
153
61
40
380
369
485
62
275
197
363
207
181
52
457
98
362
668
724
17
196
166
456
625
37
334
422
363
546
353
399
373
340
203
213
212
76
232
153
402
348
355
246
86
478
191
185
392
212
362
317
400
349
409
309
62
148
103
219
283
412
30
209
92
452
521
485
85
398
526
83
105
139
156
486
120
175
337
290
79
380
357
218
318
242
372
285
101
531
344
599
209
253
125
1015
916
132
110
613
480
127
133
62
226
31
64
305
193
1292
64
446
139
584
401
183
130
81
57
340
724
272
365
313
120
105
81
158
316
41
101
89
105
407
2
41
55
403
139
329
401
75
135
63
98
432
456
1017
423
443
355
332
83
206
462
199
156
379
417
103
223
365
1811
288
374
35
348
136
428
240
35
358
477
628
174
92
88
209
286
96
364
123
393
279
412
204
282
335
178
234
352
541
601
757
178
371
723
351
201
458
165
497
360
535
156
213
22
475
72
368
142
683
136
148
394
57
28
330
94
81
378
338
173
263
299
412
111
207
135
287
510
350
441
321
188
396
148
498
169
184
291
238
674
334
220
312
188
223
228
228
279
368
120
358
394
1636
408
94
460
436
51
884
193
88
96
392
29
467
87
85
154
493
363
577
387
158
65
357
214
39
68
217
181
173
173
478
125
190
108
277
37
100
313
87
64
296
175
150
185
163
244
354
1571
351
474
120
1260
447
222
1571
306
105
342
334
404
263
94
560
98
149
250
64
179
894
552
69
76
415
500
792
147
403
170
578
507
179
376
817
361
291
102
279
1125
510
447
329
511
581
105
329
131
400
399
163
208
109
233
459
95
377
190
76
92
114
134
242
178
185
340
124
56
357
95
619
85
129
167
73
94
68
478
332
400
126
456
440
525
140
429
271
2073
722
323
53
498
217
456
60
831
21
498
25
7
777
54
315
70
686
126
394
128
360
403
126
84
25
516
102
93
369
97
69
331
308
363
124
171
102
363
128
142
359
345
403
1570
327
505
540
510
296
271
135
43
204
391
26
82
200
141
437
67
313
354
402
577
166
1383
207
77
438
78
72
119
148
239
1315
138
2
369
64
402
46
125
109
90
91
249
453
925
609
492
150
611
339
999
316
454
41
77
270
96
63
236
273
674
101
16
289
216
290
476
304
246
154
268
239
278
37
1028
421
359
286
116
412
171
235
16
385
260
96
156
167
340
14
99
168
276
279
516
48
85
379
228
367
76
377
270
49
539
774
414
114
383
309
707
342
80
47
368
171
177
355
373
351
247
13
159
97
117
141
280
104
135
137
324
240
100
505
293
150
244
385
398
120
18
55
107
31
177
426
143
295
192
146
244
78
94
282
359
43
117
29
251
62
19
44
109
114
153
34
42
59
122
63
449
92
110
51
40
46
272
18
42
72
118
53
10
127
107
7
14
114
306
361
113
400
18
92
207
635
447
4
428
276
178
102
181
53
327
164
21
396
96
234
141
257
406
238
59
474
297
415
133
76
245
1149
319
255
259
381
492
607
74
319
907
648
131
358
104
150
170
220
153
402
479
121
320
157
75
139
377
463
280
383
435
306
104
143
320
44
258
229
180
301
618
150
154
221
441
18
178
397
664
160
200
159
249
224
260
199
532
408
547
139
39
172
97
114
66
118
238
44
113
122
49
634
706
909
840
466
462
168
39
348
231
224
366
1615
360
483
394
234
158
31
347
161
348
682
58
56
298
152
73
16
40
54
433
163
227
468
419
165
220
162
276
282
142
22
69
51
77
37
224
102
251
57
60
145
360
382
150
47
499
65
359
105
901
192
434
379
354
141
421
185
358
61
193
541
494
433
118
399
486
365
1570
365
363
358
190
427
16
101
405
371
212
635
270
30
172
2512
374
201
618
161
300
158
340
405
388
242
309
208
154
292
359
62
374
99
266
90
147
218
33
421
518
86
108
109
39
104
342
154
302
128
168
525
394
62
67
516
362
105
348
364
451
364
259
86
207
374
440
228
80
332
362
395
310
387
369
360
997
369
509
480
377
225
59
360
441
398
354
383
292
274
368
371
431
819
373
351
503
209
549
92
30
82
192
119
441
454
776
55
134
161
170
45
350
185
249
440
141
167
305
371
97
442
93
176
372
419
367
559
65
80
400
383
154
418
86
374
208
488
374
170
320
60
133
592
115
157
363
415
155
257
60
164
664
130
104
120
193
261
386
51
28
121
271
466
193
467
87
580
239
359
377
350
344
491
301
235
335
191
499
78
876
139
304
2245
1007
492
275
150
38
300
270
94
87
840
229
137
351
99
361
405
372
355
432
1009
358
479
427
54
203
90
422
109
179
303
557
149
408
455
347
547
411
179
716
147
115
33
238
953
227
50
85
565
345
96
192
2708
243
336
145
293
220
450
139
50
376
121
19
80
550
252
490
363
220
187
432
367
297
109
435
451
55
126
166
155
116
478
220
94
1914
171
1470
1715
556
53
548
252
543
60
283
391
380
85
338
461
480
465
369
267
369
102
648
554
568
160
281
434
370
366
376
290
522
332
198
113
418
384
96
67
126
489
521
728
277
78
124
92
302
393
356
330
267
258
202
447
383
704
260
496
206
118
170
284
285
596
633
123
370
272
33
394
389
1466
3498
392
83
275
2
380
428
317
428
200
407
369
88
520
374
140
180
158
311
306
402
84
395
419
29
280
182
351
1559
355
236
383
153
193
168
29
167
461
129
206
176
92
39
348
271
445
239
355
321
38
118
366
55
346
247
316
386
390
69
167
140
266
118
61
142
197
365
79
406
134
358
302
286
411
142
592
460
113
360
76
325
351
156
103
376
380
358
181
334
357
81
171
82
51
178
358
3471
65
245
94
105
283
202
263
46
349
44
190
168
101
59
82
149
269
17
90
623
141
314
255
209
435
184
239
66
256
173
407
225
272
142
541
453
532
126
66
65
296
300
285
171
435
120
103
515
828
42
270
430
246
61
77
159
627
132
619
103
54
517
118
219
442
67
42
39
296
521
275
243
379
119
568
112
212
107
346
93
298
145
136
1418
114
201
62
162
293
342
364
545
351
124
115
318
162
224
692
235
144
106
73
52
202
364
392
174
89
69
362
1586
351
85
216
60
439
116
253
179
186
42
398
318
401
149
229
689
593
390
353
322
161
105
100
189
68
817
190
424
70
365
356
378
134
58
184
250
125
286
88
167
51
342
472
117
251
851
104
363
525
56
535
416
1116
389
409
681
1994
692
157
1139
707
91
387
105
483
309
189
356
410
455
508
177
77
310
58
612
373
358
240
212
97
42
379
416
278
631
359
356
47
226
108
71
367
280
411
111
150
646
283
130
80
314
393
53
402
51
369
58
274
37
175
120
372
480
404
15
113
621
191
384
341
443
177
102
1464
365
326
101
311
191
112
489
519
601
100
348
664
397
371
48
1097
315
353
114
370
103
122
693
128
398
544
54
551
319
34
1019
333
395
361
402
259
347
498
94
375
427
83
340
125
92
693
930
1180
436
480
753
354
187
176
484
381
130
2930
316
448
267
351
448
829
540
370
319
371
168
363
305
540
406
108
153
77
459
171
43
1082
201
7
13
351
218
88
484
150
480
223
378
61
424
133
1647
421
556
175
66
1545
409
373
286
444
118
218
337
322
90
489
696
203
37
506
408
465
2257
146
504
653
234
377
426
207
68
346
351
1410
346
101
61
494
92
225
161
317
359
367
455
957
350
374
75
135
454
2054
354
211
217
325
345
683
226
171
30
429
368
32
135
267
184
432
113
148
179
218
110
78
361
435
962
543
252
247
202
62
353
157
303
264
90
123
1680
750
131
63
324
395
205
217
73
256
419
212
827
339
65
135
289
85
59
109
359
1342
77
386
388
227
167
74
1070
197
354
48
374
205
258
146
321
603
189
108
122
398
427
130
324
71
366
416
295
438
586
197
62
41
708
326
247
333
77
134
497
410
21
256
657
92
415
55
215
105
355
310
33
159
108
379
329
187
153
200
417
574
355
549
557
331
349
61
296
87
120
181
61
290
439
283
450
61
438
168
210
253
280
352
173
19
74
103
41
113
508
132
244
2317
495
203
168
518
91
228
122
1538
418
184
101
134
503
59
184
160
105
150
499
204
44
72
775
224
456
110
967
71
451
491
162
84
102
216
504
1780
454
42
190
208
54
439
178
185
92
257
691
408
312
305
92
619
149
686
532
288
142
6
138
384
432
486
136
120
467
259
67
369
193
22
205
146
244
223
58
100
562
178
469
152
165
241
177
377
129
246
393
159
76
373
90
234
349
340
337
91
22
529
593
322
355
297
37
114
339
214
362
567
437
277
330
177
504
349
437
140
321
51
72
301
202
122
188
66
495
45
329
377
217
197
117
136
395
330
191
404
383
529
360
373
915
371
549
449
43
288
162
109
347
188
74
339
659
469
358
88
105
176
263
391
450
383
522
166
489
376
164
204
86
303
528
272
74
3637
481
79
394
221
205
424
50
240
279
358
388
32
221
36
61
71
41
342
488
558
199
347
362
114
97
149
135
50
350
98
43
76
91
226
219
103
187
193
94
72
64
328
47
435
253
434
55
44
147
112
654
355
496
41
117
267
325
97
49
32
256
312
230
107
56
273
202
67
421
588
189
219
793
354
136
40
356
328
62
188
238
370
63
43
48
131
106
151
456
337
442
352
474
129
254
49
61
179
67
31
125
168
77
17
92
206
24
13
182
144
117
55
60
221
127
305
29
3
24
218
143
172
73
68
246
53
91
128
112
475
156
78
199
218
38
4
21
107
143
279
121
50
11
214
176
327
482
83
248
123
92
44
244
6
158
78
264
191
272
10
106
292
124
289
171
235
554
230
1403
200
372
429
205
38
112
326
193
101
110
35
226
59
317
92
230
533
203
170
196
40
157
243
180
463
830
122
235
130
379
80
61
163
342
79
269
191
477
285
88
84
28
1162
392
366
137
501
271
220
220
281
480
247
360
143
98
129
163
292
191
351
90
75
874
339
352
609
148
201
876
170
111
436
369
609
379
228
251
372
1575
370
408
453
528
316
388
344
114
132
358
360
385
190
208
385
306
191
647
15
115
427
479
60
340
245
285
372
1611
346
56
251
108
152
263
343
141
171
172
558
377
436
116
228
125
77
465
92
72
66
106
219
197
294
346
347
263
517
118
183
376
668
148
371
361
429
321
92
150
289
112
89
183
175
313
252
338
389
254
550
456
96
105
347
189
435
414
364
326
374
78
712
171
428
633
652
157
157
118
382
209
145
270
362
109
489
293
419
334
470
99
495
88
130
489
75
176
366
745
363
1600
360
111
139
193
189
159
32
591
296
70
62
501
170
155
25
191
178
32
275
407
387
57
393
101
168
269
79
477
111
77
187
227
287
588
90
451
111
98
535
374
128
188
210
163
32
262
131
265
416
95
19
359
371
281
507
501
244
364
204
140
423
190
137
242
126
372
518
548
94
433
39
19
136
177
819
149
73
130
419
387
186
329
369
1608
366
360
275
516
643
345
750
361
164
650
431
3104
384
6
298
148
324
60
135
35
353
166
206
257
354
475
492
41
409
283
87
414
13
25
73
102
307
75
388
1108
216
172
344
363
376
303
466
446
308
71
334
54
211
202
122
290
23
653
433
61
163
141
362
531
269
125
238
473
227
395
444
108
59
226
1617
32
432
54
91
73
375
215
378
353
386
388
342
125
488
226
131
343
569
236
408
348
360
176
537
76
462
320
267
123
353
486
386
431
342
283
254
352
449
916
339
363
330
140
103
369
168
376
367
147
240
92
367
62
59
297
325
236
277
210
215
397
217
369
165
237
565
68
126
140
898
518
137
64
515
354
593
268
184
428
382
61
388
301
360
189
142
82
175
249
505
149
451
504
729
372
376
107
362
346
149
70
55
1027
70
652
189
726
271
179
177
373
380
394
59
237
59
150
307
253
146
330
15
915
122
365
433
293
880
116
449
354
324
107
362
469
248
371
414
328
183
576
459
441
55
181
257
264
271
56
241
12
40
411
84
352
400
95
34
263
542
170
544
178
144
113
372
16
112
161
445
179
18
46
231
203
61
78
609
259
168
175
254
281
106
484
105
27
175
71
628
834
416
370
452
189
38
373
208
48
44
94
452
361
48
9
417
88
145
139
57
98
265
524
16
247
50
102
134
17
212
127
151
400
67
107
220
58
60
144
6
93
444
318
252
20
106
119
194
328
218
369
330
207
385
265
110
273
185
61
425
357
214
231
82
29
214
216
150
181
107
252
339
62
259
366
93
51
80
71
103
24
98
93
362
376
98
29
160
269
469
361
87
131
480
411
68
141
651
13
332
382
335
194
76
193
338
408
447
35
20
396
74
459
34
380
238
133
158
46
421
422
313
90
56
121
446
61
26
569
115
87
211
274
45
364
80
398
48
224
101
79
224
351
30
342
228
153
385
371
263
93
26
218
51
139
360
414
599
600
140
33
167
233
25
4
106
18
65
549
330
13
203
34
386
45
27
210
288
184
433
365
356
247
242
400
313
210
1040
318
110
50
80
65
352
414
260
268
231
321
91
451
464
7
83
376
437
836
153
403
456
351
42
171
51
685
354
512
336
134
757
162
103
368
389
423
172
155
349
420
171
338
373
181
440
87
74
134
124
371
131
372
77
56
564
112
78
327
1057
364
173
504
1302
189
296
38
71
110
20
461
391
180
159
77
248
101
87
112
173
522
398
53
366
450
406
108
326
312
34
371
475
407
110
248
240
350
400
343
171
171
320
109
330
176
213
394
222
97
217
224
438
406
412
45
68
344
75
105
173
174
430
208
413
583
131
415
303
140
386
569
217
508
53
365
318
466
353
373
87
359
346
361
462
201
132
113
204
85
470
120
162
46
431
415
354
26
95
369
331
357
348
352
435
153
212
100
360
335
64
43
474
152
349
73
182
48
490
102
789
179
359
323
405
138
489
150
1617
209
124
458
549
171
593
51
282
1243
391
312
327
771
753
448
185
270
184
385
382
510
418
62
394
283
109
181
413
37
38
338
165
78
134
56
404
432
424
376
235
298
375
403
452
297
356
103
198
83
416
370
117
333
374
34
667
92
69
221
210
106
518
81
6
406
41
93
156
112
386
379
155
211
154
176
279
266
330
822
586
114
82
404
794
457
513
66
56
393
441
134
312
111
121
99
134
527
316
362
360
294
99
74
430
231
94
42
298
62
66
66
343
319
120
142
358
638
549
323
1460
432
287
147
381
774
210
175
103
78
179
93
25
397
103
34
576
313
497
203
134
82
152
279
120
298
58
421
42
582
354
349
338
143
213
398
493
299
332
359
42
37
265
662
38
2830
376
47
1606
453
474
109
376
357
1577
351
762
562
231
632
483
227
164
272
377
64
163
640
301
444
441
115
146
22
422
460
207
198
79
394
254
399
210
86
226
343
43
201
121
476
576
31
191
35
87
178
381
65
314
23
155
38
461
154
432
451
554
423
548
347
201
220
675
111
211
158
416
37
365
356
154
55
371
98
987
325
403
385
506
251
276
356
368
95
69
293
404
80
388
424
320
468
416
198
157
451
59
130
359
120
386
597
329
150
133
219
551
446
156
166
359
302
403
446
221
491
227
199
533
301
172
116
264
114
180
229
70
94
323
406
209
342
275
229
172
192
138
497
462
413
69
71
27
68
69
179
130
98
348
59
238
621
79
41
51
148
47
15
134
122
590
477
75
80
292
97
189
114
203
23
37
315
107
40
41
283
366
207
392
41
86
131
148
194
79
6
195
346
251
193
8
36
163
247
124
59
36
351
367
296
793
54
373
97
111
55
85
87
449
452
316
318
10
84
134
327
470
38
435
265
14
488
206
18
119
220
42
222
131
62
239
52
380
57
7
209
45
601
307
403
18
18
79
144
306
349
133
396
16
107
254
167
130
636
1825
68
219
2
336
446
235
95
51
189
125
61
104
235
48
13
389
354
204
115
396
311
186
371
333
42
377
455
368
375
59
175
100
146
333
368
456
120
364
419
411
578
100
367
355
21
507
271
1535
51
216
301
1086
361
454
852
313
629
451
155
403
150
54
361
407
366
109
397
398
285
382
96
389
182
432
240
386
25
76
581
160
263
191
138
8
87
225
123
39
383
58
127
77
363
312
354
56
231
658
184
31
30
160
77
410
477
31
82
54
281
259
265
121
402
439
374
403
144
681
385
486
70
349
1024
16
221
537
387
441
500
830
87
55
229
20
106
200
18
359
386
69
331
198
43
30
388
240
211
154
31
95
59
69
61
114
404
490
3
70
63
75
123
476
113
374
146
152
246
237
214
75
604
275
170
53
252
163
431
675
422
324
460
62
527
206
152
194
361
463
110
152
238
253
383
213
363
455
424
348
199
100
117
605
249
337
303
359
28
266
357
308
423
45
46
180
99
413
356
271
419
433
92
548
440
450
366
353
43
52
421
126
65
224
401
146
234
101
405
249
15
299
261
468
376
551
369
360
131
643
432
26
298
828
374
349
6
457
398
419
90
319
60
368
22
362
446
175
84
393
405
570
76
70
195
38
151
288
173
555
539
354
342
80
319
188
276
264
158
434
15
114
177
175
435
328
443
72
357
326
71
445
511
365
378
589
497
167
135
110
253
369
81
135
96
422
498
219
430
525
130
405
452
345
361
457
130
434
132
267
638
230
167
426
75
355
415
93
177
279
70
21
273
51
245
1662
438
303
285
141
313
98
423
1474
455
372
364
201
154
361
359
66
568
338
421
135
395
435
386
40
376
438
105
389
310
43
231
359
67
356
800
207
52
566
19
66
549
460
369
457
328
142
168
175
76
350
443
560
110
72
445
517
131
410
37
122
405
359
555
518
364
141
65
99
62
184
41
75
343
37
425
176
193
90
200
54
226
949
360
96
358
281
132
366
452
382
146
317
400
368
361
437
443
116
589
533
447
381
367
176
145
627
198
54
213
100
293
513
504
114
84
103
358
461
388
199
536
477
351
57
160
354
460
406
56
328
806
425
56
44
332
497
446
372
82
582
63
108
72
183
110
246
653
569
355
1557
395
507
157
90
400
450
469
455
341
373
107
384
346
479
149
115
145
596
364
211
407
69
55
486
614
376
389
564
169
488
184
103
366
95
289
363
210
122
303
443
353
300
124
347
326
124
779
658
187
333
333
378
151
233
141
120
86
63
357
360
79
83
294
110
218
217
142
195
140
23
606
247
155
53
463
199
140
417
22
443
544
342
456
28
226
137
42
85
221
317
396
536
257
123
247
42
283
561
338
49
130
171
178
503
415
208
263
132
186
73
352
454
1018
13
1068
254
466
602
578
762
234
17
3752
1321
470
166
463
420
218
664
267
425
389
145
439
91
470
75
292
202
58
408
147
144
91
413
57
228
286
334
80
154
110
63
74
35
161
151
24
156
355
579
179
279
56
178
140
20
189
177
317
16
149
84
388
10
264
276
143
105
142
168
50
376
319
331
114
349
73
120
53
210
134
102
5
142
245
388
111
81
397
375
62
119
89
55
200
490
208
628
387
378
198
46
451
161
84
66
392
227
94
579
511
110
123
373
138
526
39
139
324
362
125
69
341
170
431
138
332
315
54
46
68
134
226
191
76
56
448
136
168
53
190
388
378
45
439
131
377
201
148
399
384
80
198
47
498
111
175
117
188
415
144
169
78
94
340
212
215
75
17
82
269
143
386
98
92
43
178
142
113
47
100
99
156
14
48
64
33
110
86
222
59
97
101
118
333
66
4
26
32
345
347
442
90
59
420
122
309
390
43
85
218
146
81
427
316
74
342
12
306
366
184
40
92
169
128
224
173
280
231
601
356
596
171
249
175
289
58
152
230
518
65
527
215
76
114
314
395
478
346
56
115
133
103
238
159
377
139
7
97
124
396
66
503
674
336
400
379
67
179
299
251
165
611
539
300
130
362
433
169
339
222
163
329
448
146
357
1533
770
411
108
364
548
554
45
361
23
420
440
1031
313
384
404
314
366
144
11
456
126
174
256
266
255
819
471
493
466
175
260
450
373
383
83
158
383
150
435
594
312
522
381
222
252
223
28
454
214
65
106
543
52
391
308
750
144
131
482
349
372
88
46
340
436
45
367
220
411
93
425
376
879
236
261
287
378
128
362
337
366
312
366
375
402
387
347
398
87
358
71
187
164
562
342
350
438
370
420
351
352
279
585
698
396
465
97
619
228
666
36
63
6
992
135
17
301
235
362
162
282
339
396
122
289
372
393
756
442
407
99
530
356
262
271
239
145
70
487
269
362
190
273
415
630
636
222
57
375
113
337
71
111
58
497
408
183
257
360
178
169
135
371
104
207
362
1564
339
133
84
468
155
379
445
403
127
152
365
473
90
63
98
148
355
357
298
96
283
144
359
377
9
156
364
430
64
402
187
452
50
502
133
87
337
84
274
35
137
307
927
157
100
333
163
116
151
196
363
45
139
816
189
467
178
277
178
49
152
192
331
426
181
46
364
328
377
546
373
271
34
482
130
186
515
544
105
65
388
81
341
409
159
399
39
409
372
429
278
107
283
305
69
1
640
76
134
92
373
92
196
68
129
1124
42
127
358
436
185
430
710
380
160
98
122
516
102
506
357
388
24
1641
359
420
154
159
371
373
197
442
539
240
266
172
294
304
295
347
270
172
188
199
326
205
459
42
95
490
433
418
129
142
475
162
189
362
390
227
208
515
490
381
614
351
372
378
1025
176
422
476
392
380
391
124
263
87
49
192
41
93
127
149
144
239
378
191
360
364
372
359
349
337
91
360
422
81
394
365
276
91
361
298
358
206
173
185
380
344
97
179
319
165
188
503
401
141
473
264
66
14
325
66
328
23
111
318
437
728
89
348
503
151
172
373
52
51
378
364
169
269
320
409
61
157
367
409
423
156
217
99
362
440
256
301
127
259
17
362
503
365
116
390
317
46
350
339
295
160
162
181
450
73
613
410
388
344
308
132
580
364
148
360
233
404
41
577
75
182
805
830
308
60
199
186
302
334
341
142
1680
552
376
158
208
55
360
292
332
221
571
389
489
67
69
368
28
344
141
386
67
40
94
382
351
376
350
108
242
61
100
213
348
57
434
120
48
406
69
216
56
283
225
586
288
43
387
72
10
361
167
420
874
355
379
299
464
423
530
176
179
113
349
231
420
65
429
411
32
44
136
168
99
313
260
375
260
102
142
254
334
427
101
306
590
97
4
55
261
234
543
323
213
242
101
100
399
414
435
404
19
411
131
449
413
253
46
56
191
191
379
238
157
123
371
261
339
342
752
187
370
6
386
391
505
359
417
57
163
167
424
283
83
104
233
100
443
127
66
1070
368
54
28
474
117
51
120
431
95
209
7
150
556
119
339
503
434
71
431
388
63
371
134
353
621
711
248
227
58
159
29
342
220
374
499
684
324
870
600
353
395
215
70
446
815
353
442
165
86
513
222
393
132
101
438
112
374
23
152
584
446
112
441
252
103
181
119
82
270
325
936
488
374
256
104
697
305
507
157
245
239
154
217
67
233
169
389
366
261
140
223
107
134
358
357
124
96
462
244
50
239
433
325
71
584
360
490
49
422
656
215
521
63
123
352
322
363
66
239
346
274
353
136
351
365
164
57
108
355
99
14
75
150
326
83
42
707
126
450
308
73
272
358
1146
1367
437
101
289
40
38
117
546
110
355
139
117
1009
169
104
351
110
417
494
58
509
363
205
150
297
12
399
334
27
357
423
330
13
192
5198
27
704
219
163
96
345
222
151
169
675
684
343
231
353
187
345
269
231
434
132
403
535
368
216
56
464
231
226
35
434
69
127
2
14
85
81
134
570
430
397
100
228
99
188
72
503
230
270
811
344
1427
363
236
1147
65
204
360
387
358
112
745
39
109
444
471
387
109
163
391
63
90
195
162
94
181
428
187
77
211
405
44
211
351
179
402
441
266
564
99
191
374
554
371
46
46
19
284
337
349
351
267
17
323
170
380
219
215
97
357
104
6
226
429
185
65
60
143
408
166
359
69
178
272
96
29
122
111
324
451
249
81
53
364
311
364
477
172
362
168
407
645
294
338
43
65
22
196
373
443
169
70
78
225
374
441
461
204
131
211
208
291
270
355
701
683
354
353
202
616
247
183
638
8
212
347
193
64
348
306
380
73
318
75
394
17
64
184
150
197
243
7
94
434
101
120
275
139
347
67
95
413
291
203
337
369
49
232
83
270
512
131
143
62
203
424
105
432
423
65
268
172
371
1322
448
181
451
48
52
441
90
384
243
317
470
499
479
503
41
229
358
125
115
416
40
365
299
65
262
55
72
426
26
294
155
13
141
162
400
296
27
185
512
106
216
15
20
207
435
356
379
921
13
418
219
144
352
154
108
445
444
265
526
496
440
227
219
39
344
87
342
344
60
120
250
76
296
345
328
362
222
91
567
190
257
164
619
483
173
31
137
182
123
355
370
378
408
366
481
28
269
537
180
433
328
387
70
17
440
154
91
86
600
176
348
347
406
318
106
369
32
488
163
191
161
354
248
418
277
58
167
379
39
160
307
437
170
238
458
69
141
333
373
79
139
169
360
357
359
207
162
106
463
391
402
124
945
407
99
166
150
47
247
194
217
430
190
143
61
466
43
146
36
341
323
720
409
169
271
366
264
17
1650
418
399
546
260
5
123
264
10
372
524
39
2217
225
902
119
281
73
78
360
1571
340
184
263
59
208
126
462
430
336
471
100
315
26
533
104
383
342
449
3273
495
660
215
378
449
318
325
443
362
134
576
56
223
826
56
291
426
363
407
59
177
197
377
542
91
66
397
89
501
350
421
550
385
377
125
601
67
577
54
72
38
380
347
1324
506
501
423
13
134
500
198
173
183
163
66
134
23
349
117
131
269
205
186
96
1153
100
385
127
366
487
327
378
64
445
2197
156
3886
482
193
428
460
353
3412
192
160
368
352
891
360
248
190
550
162
57
388
409
408
359
459
401
386
421
91
397
397
48
1063
190
533
76
375
369
58
492
117
86
308
364
355
323
15
316
403
424
1615
417
291
79
37
159
110
181
64
420
214
365
229
29
168
133
87
92
511
482
391
178
64
450
1641
30
3163
309
355
436
444
143
244
280
513
359
552
445
370
172
314
97
39
49
44
44
39
44
34
470
211
361
198
386
221
476
303
306
437
462
401
489
425
326
478
296
438
239
451
403
386
111
423
357
467
353
371
446
453
101
347
114
133
118
537
943
361
30
465
15
385
560
95
55
454
255
280
351
347
199
460
359
65
343
136
360
405
283
353
214
355
475
245
502
192
509
84
91
55
397
267
113
101
163
297
72
304
38
486
119
159
176
407
590
149
420
333
303
188
324
71
562
210
149
119
89
188
66
437
452
34
374
573
381
211
160
412
358
71
334
434
52
88
79
10
366
385
421
49
287
506
424
126
242
229
66
106
374
313
96
319
113
694
579
182
465
11
110
20
337
71
578
354
64
117
86
415
440
556
362
357
238
462
263
186
173
197
112
407
188
818
551
440
534
77
178
380
417
69
508
401
243
451
77
436
16
161
193
107
222
349
5
230
457
38
130
26
439
262
493
420
210
6
72
81
174
380
362
575
425
428
137
298
72
43
167
86
330
457
417
424
20
77
97
280
844
177
123
233
366
1180
92
179
487
313
38
743
116
144
582
218
42
519
221
138
43
80
490
353
156
165
403
401
182
402
68
146
304
15
429
602
321
306
361
151
440
132
110
456
292
290
426
201
1109
327
139
368
119
474
262
420
415
338
169
248
432
385
361
141
424
147
199
59
389
27
268
107
90
367
54
51
507
36
250
385
68
472
319
469
447
376
204
608
853
2773
446
186
89
525
32
476
600
80
461
214
514
217
441
753
689
409
43
93
319
13
218
210
27
67
96
202
25
964
308
1535
524
58
186
82
235
176
332
29
260
13
106
40
443
82
209
452
1068
129
582
45
147
190
161
487
82
3431
1330
589
496
64
419
196
57
152
325
47
295
166
11
382
191
417
176
524
677
319
350
111
46
233
98
24
50
345
7
98
253
92
213
119
145
228
147
199
52
67
25
178
97
206
232
124
92
27
64
91
125
102
136
378
56
50
975
295
60
159
92
204
320
37
48
92
34
12
192
87
232
10
113
398
137
294
141
284
108
237
40
338
496
164
292
51
356
299
272
104
104
104
104
104
218
312
563
617
170
249
361
236
17
419
56
413
174
428
396
167
112
64
225
256
74
399
459
652
208
229
317
73
447
459
73
90
389
151
77
420
245
85
370
431
111
388
400
349
240
386
113
474
63
198
62
576
269
387
902
368
699
765
411
386
357
284
371
430
364
152
468
72
238
391
431
223
132
266
253
395
370
53
372
615
43
191
137
242
101
258
359
81
142
132
45
618
298
43
96
65
48
189
547
151
39
137
57
197
100
95
9
200
264
364
480
199
6
50
226
57
132
443
68
242
94
102
314
31
57
76
68
469
43
228
189
118
94
178
156
110
73
129
89
406
40
283
377
86
107
151
154
600
383
117
133
279
149
129
221
121
344
433
16
119
410
345
49
396
34
25
103
126
35
459
198
7
373
170
100
368
94
69
120
19
83
111
130
111
123
178
258
780
114
279
110
61
243
343
1021
140
224
420
1
63
294
69
58
69
58
69
58
69
58
58
108
471
126
291
234
345
140
446
1400
794
574
295
83
757
432
313
49
434
440
358
173
261
412
38
210
334
76
476
271
527
507
495
114
1134
354
362
400
16
286
52
4
139
403
392
100
28
135
232
122
117
438
379
398
413
117
36
384
190
212
117
89
1069
376
378
358
346
1341
346
744
69
91
206
65
393
74
333
408
146
442
471
2994
319
133
92
98
515
376
120
54
101
109
425
161
15
96
95
465
544
134
696
132
217
346
140
252
196
187
95
152
92
41
363
464
68
92
134
114
403
399
136
366
225
230
94
291
135
104
241
366
114
90
206
533
156
62
191
126
66
33
233
374
72
66
65
222
98
129
22
392
183
83
342
80
76
197
464
113
196
130
127
252
118
122
49
214
577
153
89
397
287
372
165
23
191
374
267
440
354
369
103
562
45
67
184
88
638
522
449
168
123
117
39
144
119
114
212
135
528
384
204
3
149
78
89
697
613
58
148
727
300
359
111
249
122
506
635
109
115
185
479
58
117
71
101
92
122
137
284
342
139
140
44
369
422
242
23
128
294
38
192
481
305
87
352
432
63
104
899
157
186
348
122
166
107
483
60
108
216
76
43
3
42
43
131
242
121
451
243
17
493
145
217
217
162
35
149
386
219
165
97
104
2344
263
344
385
342
1914
408
293
394
446
110
73
481
625
533
190
40
412
59
419
162
36
135
362
1396
230
339
137
397
1625
395
46
221
499
382
129
1070
50
316
151
272
376
213
545
326
177
244
60
189
138
155
101
712
1
94
113
268
206
123
312
83
209
78
117
368
495
738
263
128
745
135
404
769
73
377
224
446
66
87
132
318
110
39
83
159
308
208
313
36
31
337
66
81
168
83
23
70
66
146
71
176
114
85
382
934
440
359
97
66
359
74
42
96
370
150
108
467
195
158
466
376
87
422
306
303
358
1359
803
526
422
213
283
443
443
84
109
316
466
200
160
499
446
67
67
67
67
67
65
67
226
361
350
215
136
337
111
64
639
555
216
559
