76
106
92
122
421
778
283
259
62
135
388
294
525
58
44
55
144
97
397
154
97
324
92
541
11
26
144
76
542
430
167
87
145
92
143
229
436
209
24
313
457
215
4
135
296
69
2
146
41
49
434
137
123
90
256
134
77
25
74
47
88
111
64
180
507
148
74
72
160
255
304
133
14
164
517
285
428
93
205
796
113
9
71
69
35
44
100
31
511
78
60
131
71
106
207
294
165
27
92
606
61
346
41
85
67
331
92
50
491
136
75
366
182
64
271
140
483
93
41
94
174
188
120
82
277
82
412
72
239
158
81
353
130
226
378
75
176
102
63
72
2
504
325
320
231
153
209
36
172
168
47
173
132
70
147
238
421
91
240
29
83
93
67
423
363
41
172
112
359
197
195
293
147
137
46
38
96
228
11
210
49
104
108
117
141
327
225
79
36
369
16
332
32
131
156
71
185
181
309
478
372
146
138
381
244
485
358
30
13
279
114
137
179
100
4
33
285
184
556
138
28
126
146
99
166
44
74
214
255
94
116
92
192
172
240
112
141
78
18
325
177
121
54
415
55
160
173
208
184
72
10
63
155
89
358
65
47
183
285
32
26
255
373
114
267
135
156
428
363
116
30
6
204
359
89
437
15
100
200
118
20
418
169
263
61
48
145
210
11
39
227
149
645
313
134
541
345
371
225
550
84
23
86
466
163
