695
373
782
313
311
186
22
237
4
115
589
739
136
476
342
383
125
88
340
87
242
190
94
849
206
173
106
202
83
114
196
227
63
129
81
444
372
30
661
355
229
318
73
340
248
104
3450
104
80
102
875
195
714
163
821
181
672
43
437
84
110
79
300
213
155
715
352
142
122
593
1469
51
462
89
1294
705
658
79
748
423
80
399
73
107
236
65
401
193
8
136
759
295
291
16
344
212
530
58
310
11
186
993
15
391
239
801
72
176
16
277
112
2390
930
358
233
92
319
106
157
57
804
108
291
60
124
486
66
204
152
45
123
60
371
94
1448
40
496
1094
736
1655
157
1072
823
281
555
72
12
77
435
466
711
44
246
94
148
624
332
437
776
112
50
200
82
84
230
274
156
502
280
63
279
54
165
39
114
59
59
31
24
362
37
110
76
13
641
295
19
94
373
60
58
22
20
81
1
61
199
130
213
22
159
1
17
10
168
17
1376
429
645
2120
479
1752
91
610
252
201
92
122
884
269
29
160
9
308
143
1387
645
153
160
239
105
3045
334
225
244
1371
1308
615
181
150
104
228
91
2318
592
604
44
424
1370
156
180
5813
418
110
10
791
537
65
427
107
159
139
47
123
60
372
94
1441
180
234
403
1139
100
285
49
121
190
342
407
161
667
338
223
85
157
71
597
155
374
441
87
245
268
120
499
62
205
200
1192
198
242
283
279
887
61
214
276
603
1053
721
1034
833
110
332
428
47
546
317
472
105
119
118
429
164
105
525
145
264
172
77
120
513
196
394
24
10
211
157
429
206
440
64
386
2049
150
885
373
65
30
217
132
105
943
173
160
1790
304
77
97
252
76
184
122
898
122
613
220
65
115
482
9
114
115
258
859
197
140
53
96
1149
223
675
23
15
5
25
129
293
36
211
909
329
282
183
123
27
316
708
272
184
152
37
540
136
136
56
238
109
52
260
410
180
922
449
490
446
326
48
113
1407
464
678
291
846
168
227
93
572
208
99
144
769
195
524
235
1786
69
276
98
1407
130
162
98
637
457
1315
185
568
3128
1028
581
295
1514
572
145
346
449
66
427
676
641
1940
88
127
576
223
89
877
230
47
143
328
132
866
356
32
174
1304
39
618
131
1230
270
524
8
1099
233
557
229
118
579
87
411
2067
14
42
2346
715
215
1049
222
65
29
393
220
882
165
458
569
694
230
142
93
253
566
219
1353
686
163
177
159
141
534
264
146
162
65
822
165
431
396
764
466
137
362
252
191
50
949
56
236
353
161
76
600
74
48
106
17
221
138
247
42
173
56
11
173
314
12
56
30
186
69
66
112
58
159
214
40
209
117
27
448
72
102
35
50
91
314
168
89
116
441
1672
75
106
19
282
63
27
33
1
195
117
338
218
89
219
59
865
1024
104
73
776
138
275
1001
88
178
413
1386
25
318
223
422
76
102
117
248
807
296
647
327
180
172
453
262
191
371
167
498
472
371
747
169
2016
235
326
428
2769
194
1741
224
190
47
1030
524
24
289
320
22
144
295
109
361
371
129
150
634
300
422
54
200
162
2117
74
217
119
161
5490
453
751
131
397
1744
1966
143
265
326
76
35
1073
57
1191
267
397
72
373
233
295
237
271
1560
1481
163
226
2815
118
319
45
183
123
1568
203
2191
484
196
772
2034
165
170
643
917
373
442
222
164
291
178
135
3630
842
221
771
124
234
567
267
92
94
341
370
390
342
211
315
60
107
1147
92
623
483
460
177
811
206
433
275
237
99
178
1694
28
127
87
388
461
91
630
437
66
122
648
216
2036
732
190
130
123
61
832
304
174
237
97
45
79
106
64
1234
673
734
52
94
32
109
305
62
492
52
1425
125
141
297
322
669
295
240
285
911
251
963
271
69
105
366
196
322
161
3100
454
157
272
30
620
604
76
95
200
380
344
62
86
738
61
203
127
220
485
41
105
167
691
125
164
351
58
65
820
2455
610
1435
296
77
802
105
495
131
808
450
122
472
26
1128
72
166
759
93
12
73
567
64
337
113
119
261
169
323
1382
575
189
172
554
1137
85
378
261
1129
138
720
662
222
1440
1323
169
2777
694
196
292
72
131
412
364
240
893
273
1092
590
257
751
155
551
317
127
471
129
88
61
2778
822
104
78
1251
444
283
513
454
342
174
676
123
98
1012
2152
165
424
882
2568
160
398
55
216
424
227
460
905
46
392
128
334
95
70
81
129
179
371
757
258
1591
3036
916
14
72
942
506
324
294
468
1825
170
518
468
152
449
1571
467
504
647
1520
37
129
218
225
95
178
104
256
2855
1262
143
91
44
339
454
230
57
133
259
593
3287
577
1820
1100
571
172
83
32
182
123
148
168
296
51
180
206
181
179
39
53
89
63
311
102
704
184
400
150
292
95
366
109
214
196
193
68
691
204
392
176
210
934
375
215
423
45
258
265
89
457
165
114
475
546
100
1115
275
133
862
322
479
492
77
274
260
85
57
174
39
134
294
770
444
171
46
1245
214
565
192
471
5212
95
616
1929
627
288
228
140
207
119
338
424
577
282
65
128
1526
274
17
43
231
534
27
410
460
798
332
263
214
364
89
26
124
65
279
229
40
160
97
26
220
478
48
518
49
221
117
475
86
522
175
1501
1240
948
165
236
1401
123
43
524
252
183
409
160
671
425
149
301
234
322
495
311
946
2751
501
120
530
77
3777
77
98
385
227
619
275
559
127
1700
389
244
173
1756
74
151
83
1060
1186
332
281
762
74
2683
1292
2428
291
93
248
426
77
60
155
155
148
141
27
50
740
230
129
417
555
907
578
318
83
508
106
81
418
483
280
115
227
59
56
73
52
88
86
446
828
120
312
523
233
364
159
376
369
825
257
86
115
378
127
101
1129
5445
107
644
561
419
93
588
83
281
316
299
183
166
496
283
385
103
337
110
104
1337
405
104
186
461
978
109
294
115
185
296
311
351
468
516
848
476
114
1161
815
148
631
2300
529
482
794
649
48
5439
1965
1189
68
1376
1489
1011
154
249
261
187
573
40
125
87
45
1340
317
211
760
885
900
79
105
984
418
85
113
230
197
66
2
338
434
149
150
200
11
240
401
257
292
230
339
147
318
57
116
293
350
197
624
807
289
193
733
186
562
55
7
209
3149
1619
179
251
26
1111
235
43
107
299
239
178
264
1387
110
399
16
3967
1111
1010
45
454
18
570
495
148
271
235
387
121
222
80
783
695
142
482
95
653
132
374
111
166
185
239
192
110
139
250
1078
374
673
326
1483
21
110
184
407
111
70
307
82
491
256
43
423
77
498
285
505
55
314
208
118
537
1252
269
331
836
272
316
158
73
689
97
1186
499
77
305
193
178
4885
1426
250
53
67
163
1390
160
181
125
863
788
47
142
5605
674
2
245
164
795
107
948
191
62
330
162
435
1067
49
247
421
161
566
280
138
222
107
114
145
69
1903
2687
570
172
653
94
694
137
147
318
191
1142
292
180
144
978
217
648
159
6030
6073
133
91
153
112
365
83
293
247
604
82
175
290
162
46
231
167
67
145
66
155
73
188
111
339
147
189
256
229
752
742
212
207
75
78
119
785
32
84
233
92
35
11
28
100
21
72
249
144
630
270
113
82
246
330
211
467
317
243
141
192
228
174
74
228
319
208
455
148
214
97
148
64
443
79
278
74
127
261
425
162
310
41
121
309
336
133
87
75
401
161
320
200
1042
112
96
68
56
1974
109
231
247
234
43
128
60
231
113
168
204
64
416
65
189
55
142
139
62
321
138
62
341
94
117
92
271
99
105
379
307
132
158
530
93
441
112
99
99
37
118
62
111
131
51
137
102
308
2023
404
69
114
77
639
447
127
273
249
68
231
249
650
91
132
525
125
535
175
305
87
154
323
169
1285
188
421
115
374
471
2491
193
420
362
1227
762
198
115
132
91
207
149
366
1623
1001
137
399
198
42
723
188
865
283
698
219
1039
190
541
78
211
384
156
359
415
445
503
182
109
421
380
427
203
930
179
215
165
845
648
108
220
158
518
199
134
128
73
739
711
71
251
513
298
769
314
76
41
124
154
719
262
153
699
96
4894
1125
350
1043
350
129
2394
132
213
917
50
200
365
151
88
189
58
468
140
119
52
638
100
528
283
114
24
54
192
637
1723
181
78
119
153
226
120
134
294
195
209
507
218
200
99
162
106
298
137
422
34
192
662
94
461
827
2665
383
85
84
156
50
72
1461
116
231
772
133
43
411
187
331
275
424
119
491
349
880
254
66
147
150
137
61
73
144
2739
98
345
608
344
196
406
2174
1163
1766
579
305
213
50
127
963
83
108
135
59
92
132
86
675
42
847
148
149
168
143
235
469
269
330
484
306
124
327
388
106
482
255
492
1101
1945
78
892
722
572
51
130
440
855
185
259
732
189
159
637
2
374
226
205
35
122
307
36
187
122
49
168
204
348
168
302
352
342
92
91
18
7
67
800
112
91
101
25
246
850
73
92
129
111
260
67
92
171
55
50
20
33
112
118
184
130
5604
555
449
415
97
91
293
94
244
46
71
3249
6179
1069
168
707
61
199
329
143
440
63
377
193
289
425
378
374
234
390
2769
553
909
323
153
467
91
384
1232
407
388
334
203
175
385
103
119
278
28
178
253
203
153
88
35
282
356
411
273
1891
178
36
171
38
197
77
180
115
209
383
190
124
494
839
133
118
96
92
189
602
151
46
1080
1973
68
316
114
117
102
114
173
238
61
567
142
515
1993
1804
35
237
154
306
1996
243
57
206
234
390
185
180
586
29
161
394
502
199
540
919
442
151
167
1417
191
3542
2330
474
256
603
2934
261
584
124
126
191
239
57
69
343
327
247
254
170
376
116
479
213
192
126
664
95
487
366
265
87
158
106
91
245
122
185
160
308
105
114
317
390
119
106
335
931
245
3798
86
3
64
253
72
47
78
517
77
110
126
89
101
115
132
78
324
457
174
141
148
406
277
64
167
71
59
28
332
453
541
474
145
150
133
158
157
162
154
312
197
224
282
203
106
886
675
324
64
38
83
292
57
322
466
227
63
110
90
164
197
107
365
296
415
589
70
977
1823
87
440
993
376
55
127
395
201
382
609
769
198
145
1403
960
90
224
60
733
204
277
199
130
287
137
2727
1816
25
1937
160
52
716
817
119
231
241
91
33
551
46
638
160
57
542
2242
92
215
70
704
122
379
585
316
206
89
943
910
948
656
97
54
197
533
139
261
206
139
100
451
73
3
116
66
657
180
258
353
40
143
373
345
833
221
113
456
775
94
151
524
68
111
114
251
328
39
2413
1030
473
674
710
300
1033
623
221
883
244
366
272
162
135
15
236
259
1037
376
416
347
896
98
147
133
118
1088
343
461
194
381
100
1490
147
1764
776
599
382
534
85
403
246
119
600
113
978
808
192
205
784
153
44
137
137
66
79
661
2
1797
214
2443
1388
111
152
383
444
63
166
3377
18
2845
94
297
570
292
628
64
165
110
346
461
127
171
807
43
3282
173
489
607
363
141
50
89
679
77
58
323
194
247
431
910
14
1098
479
36
439
196
703
101
624
144
299
955
496
554
72
81
75
652
729
124
150
211
712
61
540
196
178
120
481
2439
360
4295
977
179
229
268
145
194
155
2865
661
250
206
402
145
156
299
637
351
670
5205
142
522
3256
790
2699
52
115
200
415
1411
1299
2380
2458
229
176
204
121
56
740
166
845
2488
323
201
147
428
141
1264
563
443
135
945
1903
117
85
847
2550
765
854
295
785
122
126
377
292
41
136
5336
269
253
643
1790
149
215
927
40
1065
73
205
76
327
149
71
43
6016
327
147
1211
232
664
2299
767
700
155
733
73
35
482
195
1204
140
566
231
432
2389
1496
577
32
668
55
348
382
440
192
313
2633
99
55
2240
952
1165
2411
205
99
97
217
2888
186
157
184
59
862
137
62
1459
721
289
19
607
2978
1552
130
1534
725
105
252
202
467
377
149
399
385
603
28
110
1390
174
595
79
848
238
258
34
68
699
1016
3605
281
415
2246
545
11
843
17
323
245
61
419
277
323
6467
100
556
77
64
215
277
240
187
153
768
71
510
133
121
60
1798
4332
880
212
849
1644
896
4127
235
646
257
484
375
900
91
510
701
1458
750
15
334
400
2841
3219
2938
1199
640
497
1018
123
1446
214
1722
96
43
6017
265
129
144
288
158
200
147
157
544
638
1210
511
851
653
1384
386
1080
834
134
5654
2185
507
106
129
197
426
37
397
233
141
1055
58
115
128
738
201
380
104
408
156
461
26
6
251
202
259
138
52
82
31
68
279
105
71
192
176
346
66
426
79
67
208
266
95
198
533
232
154
111
392
145
51
108
172
134
34
448
107
174
357
262
118
94
40
89
389
262
102
54
100
133
266
184
94
109
295
93
151
173
155
78
316
183
336
155
32
274
212
138
390
37
76
400
132
598
62
410
70
1834
268
134
758
373
168
167
752
57
83
46
510
623
116
257
468
769
137
145
285
600
223
278
1043
166
139
125
112
187
97
664
295
204
208
354
252
1052
2728
539
278
99
124
431
87
134
141
49
811
2092
461
83
128
1665
432
680
675
163
1464
241
299
119
345
112
170
401
2964
808
477
54
652
80
66
406
333
142
376
189
97
2541
569
1768
131
476
243
141
318
145
111
698
276
113
65
182
370
116
340
126
52
322
497
156
8
134
183
275
273
192
140
201
1578
232
470
232
382
141
466
1131
635
97
241
345
237
37
506
786
1207
1177
1171
36
245
400
42
269
551
150
129
189
87
134
522
210
135
31
457
400
150
13
270
959
71
179
82
233
3
139
419
43
532
222
327
532
748
85
537
314
133
79
658
619
421
519
213
130
316
381
404
444
88
362
63
187
130
892
1756
312
288
620
734
179
629
123
72
122
2040
15
1262
537
602
2
160
148
104
50
116
558
52
284
38
296
225
77
133
53
79
285
543
189
1547
706
129
182
358
421
66
103
945
430
37
121
149
438
180
152
136
236
665
67
319
302
499
340
30
37
82
327
14
135
125
110
119
375
126
72
1552
315
608
1079
1396
236
623
121
193
1024
178
2591
817
2357
428
312
249
1141
671
300
85
127
215
143
244
128
92
140
126
203
277
160
181
111
86
98
101
885
253
126
77
115
366
564
2100
113
1212
48
256
325
141
495
140
421
101
556
77
199
260
749
182
205
71
121
209
416
836
393
281
956
380
3288
476
218
216
292
460
243
617
1593
942
106
43
276
117
96
45
29
96
164
69
59
369
89
149
361
57
16
217
1148
556
693
141
254
64
233
84
583
668
1803
50
278
63
104
106
106
106
73
821
355
625
169
515
78
281
323
21
50
164
169
493
62
216
44
122
574
389
143
102
159
143
43
172
93
102
274
149
59
308
1725
42
415
350
537
627
1576
630
1386
1996
123
260
141
451
27
272
167
80
1601
48
297
319
158
404
388
854
50
15
266
277
341
3202
42
131
531
566
215
408
1101
228
189
523
950
120
9
170
193
141
256
2286
1978
261
141
106
875
39
270
128
657
644
102
455
212
312
695
89
76
232
809
920
937
723
190
35
535
124
1889
80
1104
1745
123
78
217
1238
581
112
2192
538
1182
236
144
170
190
138
140
311
622
190
978
1161
453
279
1222
329
2951
215
847
620
216
712
252
397
288
190
305
221
159
100
207
767
109
101
339
401
1926
76
231
568
205
362
172
1038
153
54
254
92
247
418
414
440
468
224
507
383
1135
189
244
194
202
433
670
170
244
71
192
480
74
889
277
327
428
2976
106
533
1661
738
88
837
261
88
508
211
132
272
142
383
88
47
232
474
701
564
11
315
35
293
1356
249
385
784
431
454
909
115
641
365
448
166
1681
91
101
46
677
543
3826
341
458
166
216
264
131
59
170
56
73
20
593
332
219
214
545
246
1369
450
808
1250
544
139
6830
1146
352
321
286
846
636
621
1193
75
243
583
1510
194
519
147
392
459
230
113
118
686
796
1580
284
102
408
149
626
455
164
198
497
834
800
70
42
97
263
1535
2230
67
114
303
10
218
228
2025
355
99
40
1522
429
101
200
37
864
406
328
140
215
450
233
199
78
202
943
188
778
211
989
375
308
172
193
176
228
392
67
782
4181
132
427
103
227
61
334
64
76
271
495
194
249
173
338
567
680
83
2436
97
121
717
30
179
920
410
402
349
72
139
136
110
1326
153
44
645
1868
124
430
414
527
1939
2583
546
375
479
166
112
135
90
154
183
121
196
96
139
486
277
338
42
104
160
134
79
642
191
669
226
250
531
184
127
43
42
153
113
174
263
522
965
299
231
78
152
1099
612
825
411
388
116
1623
190
812
1738
168
777
115
101
235
162
289
399
162
108
75
390
89
127
92
1496
1892
365
241
103
115
117
225
411
275
248
90
76
340
1188
252
806
385
575
843
364
213
871
143
909
284
251
219
177
1131
982
316
359
641
289
366
498
451
1149
726
203
843
596
65
529
428
1065
613
314
90
200
270
135
101
449
273
404
285
109
165
183
173
368
3332
1866
115
144
98
850
159
3634
114
240
344
221
411
933
948
571
59
934
120
122
44
2597
1247
2791
561
103
141
1164
113
899
1650
256
152
299
115
192
1265
246
508
236
60
118
360
207
153
48
21
228
297
1062
1312
67
99
169
154
49
640
357
767
104
100
142
1173
726
473
226
926
148
414
127
260
128
151
99
59
319
440
296
429
179
120
402
892
1904
354
229
249
194
67
124
183
382
123
378
102
77
880
105
1014
151
890
198
155
198
359
803
62
466
656
1057
1532
1583
681
676
180
70
1251
393
319
78
753
849
207
1160
2498
212
65
918
828
510
1173
439
129
49
103
257
1783
174
178
250
125
247
84
244
1034
106
216
204
271
25
608
317
254
121
233
294
92
82
210
414
3467
510
82
120
204
2428
359
391
125
128
72
177
105
372
671
603
371
577
783
629
470
65
318
257
617
189
361
679
99
93
554
137
764
162
1405
1384
939
1109
102
131
218
162
146
688
634
41
847
207
691
66
1985
192
812
73
362
1169
120
53
2886
173
6
567
1142
2029
733
419
183
1123
886
122
380
130
1518
125
150
96
197
1334
1784
107
83
854
363
248
498
140
138
183
181
233
269
408
269
102
398
212
778
258
328
241
446
64
314
117
136
541
96
179
183
117
681
48
333
564
88
192
2752
45
1600
160
567
586
318
552
492
806
567
838
592
60
992
140
468
421
388
581
119
292
137
1341
290
48
455
595
108
113
108
448
507
966
140
480
1086
50
3496
2612
156
48
222
101
595
529
180
74
96
333
121
50
201
153
208
40
996
368
515
513
194
859
128
1210
48
2046
278
227
138
126
1234
198
502
94
173
168
352
97
110
882
309
64
201
255
344
73
26
430
214
364
612
1465
558
42
108
186
70
252
487
65
75
72
256
743
76
3335
2831
574
485
169
985
600
681
784
966
849
193
179
318
300
33
351
199
176
104
209
511
128
110
460
619
64
143
134
62
19
227
109
564
100
174
368
136
1038
364
818
29
1220
318
90
370
253
2622
111
39
230
1273
235
444
166
100
72
18
713
442
240
362
80
311
1773
113
646
121
172
121
160
3159
359
442
1152
694
515
156
136
24
116
1695
948
193
166
736
103
484
64
480
198
253
578
199
114
2282
3856
231
150
215
241
150
264
486
742
2140
291
172
68
453
770
977
415
52
403
77
51
175
77
106
57
336
343
235
294
23
1619
575
375
216
202
1353
207
676
1120
347
981
1043
432
209
326
130
141
964
414
151
534
276
345
395
145
100
836
296
468
1507
505
84
110
77
116
59
33
267
241
61
51
185
334
1400
172
1007
620
1062
59
597
394
864
161
137
84
381
1750
346
110
433
57
94
102
136
68
673
4304
113
63
399
140
334
93
15
366
91
43
300
186
21
176
254
182
587
2
178
299
846
203
182
149
588
878
35
52
336
228
609
225
933
86
507
177
89
162
139
448
383
315
322
31
129
106
62
271
230
844
432
697
1233
171
48
250
150
317
62
386
381
365
1153
495
393
249
272
320
307
128
356
137
407
144
275
195
111
239
86
1832
132
105
23
235
11
253
374
162
318
581
54
370
298
101
66
939
67
914
235
177
119
289
943
107
73
713
955
75
211
164
1039
64
150
272
74
179
154
166
69
43
262
119
32
1473
121
444
161
200
296
51
612
136
14
286
1289
1385
46
972
4424
588
613
707
85
110
196
148
44
498
208
319
95
640
246
682
1351
246
637
403
411
38
1120
377
2298
1588
261
96
103
375
54
203
426
290
42
208
97
195
164
161
243
552
327
109
140
212
208
419
472
66
292
511
54
128
296
274
231
240
113
67
140
360
70
110
90
261
137
40
56
172
401
57
295
342
57
191
193
360
142
112
80
391
1029
569
152
126
278
183
991
147
91
431
520
354
203
549
146
2250
968
313
320
229
46
161
321
92
96
444
135
56
392
311
119
184
832
120
88
166
53
484
485
115
707
168
614
32
209
137
313
229
177
428
1021
1418
1218
1582
358
141
443
11
151
155
217
149
448
416
224
404
309
63
98
349
367
489
261
728
1646
258
935
464
129
261
1830
224
213
663
708
2580
101
580
724
77
43
96
115
996
206
264
81
25
11
699
171
94
217
83
2422
43
4308
69
1334
90
134
118
217
545
90
98
68
105
178
101
776
389
170
114
256
63
1065
188
306
605
167
262
1202
838
198
227
146
424
163
1403
993
561
626
352
275
154
377
677
271
360
174
270
64
30
187
178
461
636
102
338
34
2597
2001
166
337
63
84
1091
228
65
362
57
221
139
17
305
149
102
264
513
873
402
242
536
246
2193
765
621
34
64
826
188
1424
274
54
435
974
2573
1175
333
490
271
139
416
76
451
152
85
140
62
310
2874
939
861
928
428
189
82
253
163
106
149
137
222
296
424
498
365
172
1328
420
127
719
674
858
210
183
351
343
253
233
279
393
196
490
208
276
146
233
811
228
2385
458
627
410
438
99
345
505
121
66
266
25
330
900
339
5151
73
115
103
93
50
912
63
85
460
656
347
518
492
996
695
585
349
175
456
141
349
125
131
212
140
22
621
539
799
76
72
134
76
319
78
213
279
116
169
221
286
171
167
185
233
2
96
522
145
813
1278
1221
432
201
143
386
186
302
249
288
199
620
719
125
78
343
75
90
94
1643
198
633
728
1182
66
613
568
305
474
98
720
467
156
730
554
501
1169
277
164
532
312
348
14
654
746
304
985
49
928
2498
394
649
1521
360
222
577
154
33
565
180
3553
283
251
84
174
135
169
82
992
1097
147
1041
131
348
173
351
757
229
486
368
71
252
303
592
128
112
112
289
151
444
246
870
262
568
87
203
141
45
94
417
144
196
213
148
983
612
610
362
1371
278
500
212
161
335
210
342
549
232
1090
114
722
855
1821
452
67
1619
120
744
471
130
105
136
600
161
1839
831
92
99
182
275
265
240
232
217
143
284
323
391
146
67
500
221
460
482
4312
94
90
288
462
200
210
154
265
2762
998
224
612
334
61
174
119
1505
552
42
104
1047
156
147
797
331
54
42
195
254
260
1145
786
600
713
557
2456
1045
222
133
123
143
840
1128
291
226
71
508
511
543
442
342
230
357
56
93
112
122
289
2201
2127
78
700
252
59
304
360
370
692
305
213
40
95
671
573
140
64
195
791
99
306
154
422
136
136
208
88
40
1510
745
96
187
115
64
113
537
57
528
395
161
223
192
812
1427
40
705
325
131
145
1527
1306
669
232
664
1443
557
105
311
696
324
355
120
552
110
92
403
709
266
482
245
347
88
76
537
1231
183
149
82
84
523
189
163
2273
1307
252
599
1120
336
653
1148
1614
210
1480
1309
92
504
462
281
3357
220
405
556
325
796
662
155
94
423
95
499
1121
53
41
111
616
293
403
173
425
311
138
375
373
45
875
406
116
155
272
187
402
161
672
170
130
98
616
238
326
524
975
374
268
90
181
290
331
639
475
314
220
439
772
52
1301
130
1620
159
254
1114
375
371
306
857
124
924
3361
1954
92
425
2146
859
268
87
582
146
48
692
202
161
104
65
129
1053
201
1940
130
456
171
580
1040
4073
994
268
388
277
460
129
119
120
162
811
171
646
395
609
195
10
51
145
132
102
90
482
194
129
135
102
355
141
174
96
383
523
39
260
318
253
101
244
44
81
115
618
37
329
1779
262
721
1175
379
2525
353
1724
82
488
330
189
419
182
362
379
24
17
269
743
173
240
632
138
666
28
297
902
402
1053
52
164
625
3308
1658
79
71
194
120
460
212
85
711
134
43
153
88
84
106
167
502
358
557
416
765
205
103
67
467
41
94
287
420
87
186
359
483
204
312
111
774
735
682
252
271
197
98
1556
508
569
66
151
142
532
1002
73
347
208
709
161
750
291
1074
135
333
48
116
71
3774
139
491
293
134
299
3293
576
787
1598
467
178
267
401
217
536
125
41
640
126
674
819
796
109
312
441
131
493
1059
111
79
97
203
467
482
286
661
1480
138
577
98
61
202
283
708
612
261
2807
531
239
320
206
778
3136
345
1402
491
292
1201
309
414
234
2492
82
265
184
76
109
419
137
341
150
105
63
780
607
117
493
291
533
1340
384
764
1661
398
1487
501
226
201
439
716
619
3363
104
854
108
188
48
90
902
422
61
255
169
64
157
117
38
161
120
347
1017
1584
1335
151
192
137
259
122
690
148
262
492
414
389
233
611
444
359
366
492
283
299
70
348
178
184
924
46
1403
111
117
75
211
367
665
185
3268
283
493
226
363
440
143
655
132
305
419
226
101
179
339
60
19
338
637
177
531
686
561
830
438
1144
1199
116
306
33
339
191
696
246
689
4650
483
848
292
77
107
1110
616
22
337
309
63
1154
214
1917
247
44
1604
262
361
297
197
61
229
257
86
129
71
369
147
169
438
553
91
463
964
264
121
332
213
734
1183
116
114
174
566
1050
441
277
2251
477
277
165
633
520
472
243
834
27
71
140
1285
310
337
149
690
852
798
52
52
72
10
351
249
237
560
114
198
110
150
69
76
37
824
119
132
85
67
176
284
182
142
125
117
45
226
141
1159
856
1606
149
140
224
296
935
401
562
1119
149
96
795
379
536
97
145
150
101
132
861
129
195
638
76
429
224
215
1086
713
62
369
537
1192
1183
159
212
94
685
439
216
60
808
73
131
1158
95
1248
381
1019
216
341
253
258
290
354
790
496
181
127
457
341
75
100
1495
103
1136
76
587
70
373
410
682
158
86
212
282
434
310
291
137
63
439
111
347
113
93
359
95
512
826
182
1274
216
82
153
356
685
88
138
257
227
216
286
120
478
161
86
661
1275
203
274
4361
1285
76
2341
250
348
73
75
237
125
1009
347
980
614
162
623
340
366
720
91
530
158
331
475
189
290
133
80
89
183
135
481
56
125
337
372
53
99
395
77
356
184
34
123
225
819
458
304
39
287
372
385
87
112
94
68
264
492
155
677
103
65
262
245
547
86
51
237
684
133
124
311
14
130
701
90
137
139
1195
366
83
421
205
215
180
509
52
379
95
132
48
99
875
114
513
1630
417
339
163
73
223
210
33
351
61
335
405
206
1337
205
157
81
74
180
196
81
815
276
250
520
124
96
128
34
52
89
654
128
504
135
89
299
1198
55
34
692
82
234
83
50
212
271
194
85
292
54
3787
406
659
148
67
179
271
68
558
249
339
479
276
87
34
352
229
44
144
655
172
81
42
340
211
70
648
380
780
166
242
77
75
858
145
201
103
1491
1019
464
57
122
655
545
305
796
1026
53
225
82
430
258
653
953
849
103
5389
342
232
134
342
74
1804
1138
124
270
197
560
1275
505
123
157
140
94
114
126
481
756
462
651
77
48
477
59
405
112
171
84
169
184
987
117
143
506
304
187
41
270
282
52
128
239
193
307
179
155
69
184
240
43
177
257
226
141
205
1306
629
237
65
156
79
107
989
219
85
1433
488
310
175
1168
840
1559
525
364
373
283
160
125
181
68
247
137
475
339
592
303
148
479
114
336
771
225
1208
467
465
793
744
1119
68
732
213
128
271
164
397
95
272
157
54
431
172
398
505
347
180
78
383
280
498
87
82
215
180
267
397
831
858
176
171
85
153
716
1159
119
151
231
444
168
201
200
3238
759
148
89
136
1354
196
204
863
211
263
125
117
112
319
703
1637
141
194
662
899
1215
313
325
353
130
267
126
36
1238
845
752
137
102
2480
154
83
662
78
175
364
197
182
70
347
404
186
67
374
1133
503
623
600
191
565
128
341
282
262
646
1334
724
444
131
600
142
262
1639
70
120
272
244
256
99
353
152
343
2842
134
307
1244
194
56
997
2554
574
312
443
193
324
366
106
64
924
512
675
66
1165
835
509
1161
1208
1132
2570
147
358
121
52
206
999
144
641
637
547
186
226
129
102
495
1443
232
176
227
436
328
52
54
150
231
285
340
186
134
75
140
138
135
419
202
204
121
179
137
103
118
233
312
127
1040
680
698
145
881
135
118
31
145
138
273
272
154
234
358
1275
458
82
304
55
90
315
843
1648
86
420
70
498
50
160
581
57
300
52
214
530
630
155
1305
431
58
656
1499
185
591
157
132
113
45
147
1029
761
79
92
521
748
796
242
123
89
845
158
151
599
1018
573
269
2364
359
368
122
301
52
158
266
419
236
108
211
422
74
127
143
247
64
278
822
109
43
489
109
316
153
444
337
359
220
1366
202
547
55
147
379
218
583
144
119
2796
282
103
396
199
634
58
174
93
384
74
220
117
489
77
83
148
218
337
251
204
293
770
149
424
2274
1025
1050
824
658
1032
356
670
200
1085
120
38
278
140
207
928
133
99
136
599
96
1021
385
553
1712
289
107
105
2350
108
236
240
465
565
510
46
190
96
564
525
185
130
110
198
38
175
177
345
250
625
180
337
235
181
405
62
134
87
144
1331
305
382
113
293
2397
960
289
922
207
182
263
205
820
341
194
108
384
26
802
963
164
116
190
1458
199
215
124
361
252
266
447
784
276
353
702
45
53
606
50
618
941
548
119
1089
525
213
92
206
15
33
490
150
199
66
88
232
145
85
224
139
91
650
25
101
52
169
181
167
136
112
33
72
531
9
81
75
217
151
1287
200
136
30
2071
1406
177
87
421
46
252
104
178
53
125
189
895
4383
820
75
14
105
197
88
104
98
116
153
135
103
256
306
884
188
167
1505
30
674
136
12
162
94
50
66
102
17
54
874
272
283
236
363
24
243
452
73
90
339
224
58
142
552
672
179
757
407
69
440
92
867
100
163
32
848
34
113
379
311
66
55
211
764
184
163
195
796
13
568
143
309
172
238
205
16
17
390
214
345
23
176
100
3
200
207
445
192
219
169
539
325
148
282
31
72
236
137
84
116
210
92
649
900
234
1733
1133
434
1885
219
955
142
150
349
235
150
351
187
258
70
103
7
364
10
38
110
1489
140
1286
361
132
137
246
290
321
193
2011
938
162
347
279
1301
321
129
113
80
989
168
27
297
70
864
131
121
17
198
569
106
183
443
1103
251
283
119
64
23
635
194
208
72
144
904
218
1171
1164
136
1162
525
366
352
140
79
278
54
786
99
165
273
286
877
429
153
581
563
67
143
99
360
121
96
1199
116
357
221
120
158
160
31
196
61
205
88
485
323
113
144
282
240
133
73
56
388
435
220
660
72
137
806
173
174
339
79
741
233
197
103
154
290
121
302
526
226
117
250
159
666
150
51
563
470
223
494
58
474
296
31
409
150
175
86
89
65
180
44
134
253
126
131
105
35
214
109
371
223
240
99
111
83
135
344
82
756
421
58
333
180
146
386
282
90
13
27
12
52
30
295
6024
356
13
119
156
62
104
291
219
63
114
70
271
101
264
9
78
66
142
125
140
97
218
75
118
78
81
58
94
436
69
173
531
363
297
5
65
123
82
44
36
267
112
299
28
586
68
106
207
37
97
44
135
29
152
200
42
51
38
474
192
590
302
108
164
178
377
410
150
202
439
165
233
111
261
222
562
185
53
49
171
86
616
566
65
71
190
166
129
261
209
297
50
13
110
161
204
945
430
147
311
55
409
244
162
304
70
123
162
134
395
35
228
498
107
1259
229
336
87
2083
295
383
143
302
68
61
373
119
105
226
79
106
94
65
2558
442
132
983
487
55
155
58
353
44
541
504
1270
559
296
66
33
50
1086
831
4354
309
370
425
236
341
77
220
35
511
307
121
221
607
357
162
241
1089
813
1276
68
141
256
390
4311
858
213
86
635
102
32
954
90
194
721
384
343
313
111
9
230
194
84
49
1239
187
166
204
218
372
197
76
1014
95
161
95
195
272
97
188
101
12
119
339
163
722
105
328
936
89
325
650
66
788
1076
201
1415
85
266
60
641
173
101
299
129
256
484
112
121
75
81
749
255
82
268
68
327
221
250
146
85
1183
415
1218
267
217
79
1096
80
1419
120
80
49
423
63
126
136
448
178
67
96
72
199
229
245
273
294
114
215
245
359
40
701
369
303
597
106
59
191
292
394
112
192
322
429
657
1959
92
582
290
197
1147
55
152
387
125
781
66
1174
208
199
181
1294
33
61
107
644
443
558
282
771
566
552
206
2149
192
224
125
180
222
234
156
92
155
576
339
3927
156
171
756
286
293
442
342
217
353
765
270
72
1446
246
468
200
401
131
115
575
1
358
139
926
476
325
1336
555
688
953
718
551
276
471
571
160
805
82
741
160
4521
437
330
59
68
89
118
322
203
167
124
306
91
257
548
106
249
490
117
87
159
639
1971
1610
187
1010
576
158
153
272
879
237
345
34
174
355
129
84
373
153
556
75
1281
532
716
509
373
243
244
728
366
44
507
618
1183
125
237
599
1151
806
136
213
49
535
214
140
186
185
200
332
94
360
114
160
119
566
164
1287
277
92
127
307
72
175
624
21
258
33
253
45
334
254
364
10
146
10
256
275
146
264
245
199
235
394
146
132
129
218
68
929
1093
995
157
104
1156
335
144
294
519
219
102
262
342
61
754
127
137
65
426
66
71
125
283
230
127
127
198
100
261
698
483
47
289
122
595
73
145
114
86
606
79
605
242
85
318
85
179
107
148
292
106
919
105
381
549
162
463
295
185
633
158
76
114
222
43
62
135
207
148
554
107
24
472
93
1891
197
241
254
298
4460
703
385
178
159
77
300
126
102
254
467
94
681
187
251
581
823
224
422
292
119
357
97
281
282
115
76
108
60
528
398
62
642
192
109
267
269
92
263
104
111
119
192
58
51
146
525
151
222
79
46
240
173
1161
26
218
340
1047
290
78
189
1391
657
19
508
324
171
230
18
196
33
442
305
1238
115
106
194
101
57
889
111
129
813
27
262
459
59
160
212
308
454
348
177
172
263
227
157
260
89
177
105
181
76
301
77
101
239
358
116
78
233
223
1168
224
454
422
223
289
404
188
375
437
148
1196
5447
113
285
107
976
957
1969
716
100
99
133
665
338
48
488
115
79
374
105
561
64
1145
26
50
928
248
848
165
332
313
175
141
60
94
157
87
108
23
196
168
128
118
269
1576
359
534
292
17
233
87
235
45
172
466
217
978
3820
878
212
530
491
302
101
184
95
67
163
325
79
99
82
227
59
181
52
86
27
439
300
132
166
537
208
88
171
705
475
536
169
227
96
206
455
259
2556
323
1522
1109
95
124
1345
141
331
1028
156
208
832
148
1170
298
343
163
92
228
505
293
555
2424
68
478
194
97
126
728
298
678
1295
5009
53
55
401
979
211
1315
1630
752
587
1325
868
331
80
566
83
874
357
329
910
41
457
72
401
80
186
335
237
384
26
145
163
69
158
1313
224
550
208
392
97
49
2459
424
10
72
254
59
753
286
650
1419
1203
651
146
442
173
390
453
640
79
378
160
811
385
66
213
175
166
1007
170
290
3535
317
775
467
41
268
76
172
969
263
383
199
2266
217
907
148
296
202
1342
227
381
1060
1066
803
59
290
146
1202
491
26
898
3622
80
727
23
2059
128
3011
284
182
340
292
10
110
110
375
59
176
307
155
84
106
94
94
2093
978
1806
381
484
423
77
35
1177
36
412
80
192
167
739
267
399
72
547
233
118
506
221
677
286
1545
98
1101
202
177
2861
113
29
198
158
61
372
920
64
586
174
165
308
1742
788
196
515
2217
189
1574
442
254
165
292
183
129
1409
210
1410
3685
581
249
744
124
279
518
267
89
94
344
733
344
215
313
168
1147
25
92
162
116
152
158
47
199
318
157
1253
643
481
461
157
807
206
121
844
842
434
271
78
425
178
1707
28
129
100
391
460
91
677
98
118
813
726
216
647
121
66
1374
581
716
190
129
52
83
505
427
327
251
117
2415
2226
868
449
243
305
280
577
1010
110
675
208
126
359
570
183
236
386
531
45
653
147
208
76
335
92
410
418
172
64
311
120
170
86
84
92
166
262
373
207
168
235
467
491
45
195
157
151
145
1001
110
744
226
798
795
921
559
400
950
2379
333
2389
371
69
350
439
142
76
449
346
49
16
586
124
163
257
166
280
814
72
154
525
443
1184
679
672
51
212
81
112
149
58
78
365
238
328
370
322
677
183
110
218
114
136
373
371
591
623
139
159
15
431
174
706
77
142
472
265
1958
471
113
815
124
359
537
1214
1358
461
1248
124
148
88
203
179
174
372
110
215
45
2344
361
1311
370
529
793
1518
2526
420
3168
180
200
886
296
191
280
270
775
294
186
146
145
247
399
184
139
323
328
604
86
148
129
359
188
120
43
190
212
153
95
114
70
183
65
126
276
57
392
159
179
578
226
211
2218
596
199
221
111
66
84
91
323
54
214
261
374
637
340
808
1862
1125
110
129
726
101
60
192
46
207
174
332
50
46
94
240
242
421
193
1023
66
2015
132
899
3129
2022
1530
94
65
38
58
852
41
47
269
57
120
347
528
243
470
205
753
1119
725
311
269
196
158
42
195
156
182
196
3016
586
322
6
15
67
311
512
224
508
497
187
1901
91
527
144
156
515
751
54
314
175
32
181
327
371
673
223
248
36
112
770
1631
173
103
6144
109
158
181
528
495
266
1177
1734
62
128
102
106
152
651
2828
822
199
75
68
1
599
387
814
105
42
176
83
96
373
57
230
184
96
62
47
113
359
641
56
297
677
74
290
489
589
35
150
171
85
109
760
997
86
375
56
209
93
493
673
75
340
632
789
929
1144
95
647
67
85
203
4104
50
334
1543
352
339
219
721
166
513
1695
162
1428
220
1073
580
200
124
868
333
74
384
468
633
404
21
64
64
369
117
62
141
355
190
1087
225
47
74
57
94
95
293
64
231
143
339
246
82
306
172
315
145
952
2
216
243
43
63
336
53
171
112
87
232
573
956
158
145
211
208
41
10
111
90
114
76
153
573
60
409
158
829
217
157
499
348
119
59
180
5
232
585
114
610
58
71
56
68
574
154
327
244
128
119
351
63
873
1002
790
214
1212
94
87
1067
61
237
259
250
260
70
96
93
182
377
354
354
626
120
141
252
233
489
123
718
130
422
137
165
366
443
81
55
392
285
60
250
105
193
894
161
496
941
218
17
1375
49
75
83
67
262
122
82
362
92
97
37
108
131
443
215
447
372
138
829
490
407
207
627
249
180
114
79
106
146
823
60
68
503
79
90
552
585
40
127
157
513
141
55
92
287
166
629
331
127
284
345
265
82
115
1125
263
299
134
568
140
189
100
26
91
118
227
197
692
66
224
283
33
521
107
153
218
87
229
88
62
177
175
136
236
845
128
179
122
77
88
285
60
36
30
113
123
157
98
110
227
263
190
166
422
161
119
224
115
483
187
239
163
214
125
332
119
284
126
65
335
83
330
429
66
92
430
88
558
144
340
166
582
372
161
812
336
281
174
249
120
75
73
877
305
155
129
51
149
183
117
124
236
159
626
107
153
274
165
102
447
390
380
182
195
86
65
121
148
119
339
101
284
116
95
462
69
286
106
485
56
127
473
45
122
97
626
69
1303
187
189
215
698
77
146
114
189
123
1129
683
375
226
133
81
230
100
298
206
215
865
734
365
247
358
876
425
122
237
315
106
59
113
56
52
13
262
53
81
292
105
60
35
117
31
90
131
382
130
273
53
80
3453
405
109
143
241
206
57
113
288
547
117
438
537
278
89
128
164
351
102
418
101
199
107
177
297
477
230
536
65
277
111
266
85
184
1230
62
124
135
503
194
1726
87
547
500
92
325
1277
2329
1754
40
53
384
115
139
153
300
86
310
119
112
1144
151
69
87
544
144
120
272
150
179
215
309
1966
78
826
134
338
283
331
49
290
544
108
761
125
691
273
373
158
1881
13
1379
104
59
760
297
153
94
306
234
1136
301
381
236
429
104
385
175
264
153
66
731
602
1663
1327
387
71
349
3
195
122
88
377
208
154
314
227
516
456
239
64
135
54
768
115
71
161
217
125
907
122
134
154
557
1325
51
36
52
363
33
1005
108
1962
117
92
201
97
187
63
93
157
70
74
147
785
323
535
575
1049
307
282
37
295
449
465
116
96
574
87
99
228
82
187
160
466
122
245
94
128
107
327
209
131
367
805
141
942
41
187
58
71
1723
1170
98
134
667
1287
420
59
149
105
444
217
592
354
111
1769
264
480
2411
49
336
207
76
402
531
145
24
77
97
69
142
430
60
228
245
847
387
256
298
188
1398
3220
408
773
189
260
171
484
84
167
36
86
62
57
148
88
116
136
191
36
271
164
415
94
437
174
396
51
532
481
172
1701
1128
122
119
91
606
87
50
13
127
1057
334
728
1115
83
457
131
826
58
66
72
184
90
197
768
120
1285
2144
4295
850
206
57
394
53
507
1375
253
466
414
434
76
115
130
375
115
239
1057
158
171
343
697
138
940
282
334
152
248
192
237
483
1747
231
34
529
749
26
193
178
544
846
320
177
548
807
1230
193
503
136
119
110
49
353
436
345
50
887
63
84
1504
147
305
124
43
251
299
78
829
1379
278
218
64
75
222
1112
487
690
116
193
740
413
345
1030
81
112
115
127
144
939
278
339
77
51
253
379
157
362
320
60
244
1269
845
55
1139
131
364
329
15
169
503
420
1734
106
383
141
334
221
472
57
4
116
126
367
3374
78
235
98
164
652
832
304
114
315
524
606
932
90
327
137
88
39
57
158
78
101
99
276
87
195
120
114
903
252
247
803
384
943
193
193
224
247
846
84
117
238
208
271
315
62
259
222
415
1165
42
100
434
1014
393
75
22
78
54
164
67
45
979
68
168
66
559
168
177
307
441
122
99
71
132
1096
660
770
161
255
124
180
1242
49
328
87
358
224
269
740
186
112
150
277
103
174
415
200
206
13
438
602
1912
536
2419
131
217
136
1018
63
50
494
343
1154
466
965
320
229
699
447
1434
44
134
71
102
209
251
381
121
96
1344
34
196
201
54
265
119
56
83
121
232
237
134
97
314
112
489
111
1196
895
65
90
139
197
116
748
35
217
595
116
12
1162
617
812
205
111
93
103
409
87
296
84
196
314
72
235
325
249
665
89
166
110
347
203
179
79
1057
621
1029
55
236
983
140
105
33
95
71
209
91
346
209
112
20
473
100
141
79
88
139
1218
17
94
182
272
170
684
180
453
218
631
38
24
235
153
105
74
307
218
172
45
23
274
455
296
61
84
384
7
100
223
164
227
10
593
40
46
197
138
307
140
307
312
239
372
11
66
59
36
102
98
76
46
64
166
186
470
86
102
136
238
232
22
192
109
247
188
238
132
39
177
653
1010
76
365
1072
67
81
112
324
105
125
81
395
81
263
202
199
78
175
408
75
273
398
292
163
318
396
41
196
56
85
31
119
294
45
23
262
50
72
95
442
316
104
122
59
119
76
200
82
146
130
52
119
163
504
107
81
300
44
515
49
116
98
48
86
157
358
289
488
170
239
119
131
154
476
140
203
234
49
275
189
169
120
350
113
145
280
219
87
49
84
67
167
415
200
986
85
146
51
108
663
759
258
282
241
174
94
276
69
178
201
181
507
393
433
73
71
158
223
207
105
114
86
82
16
110
42
711
343
507
46
647
545
332
361
388
102
118
347
186
398
657
902
122
720
838
105
84
179
133
110
53
263
131
253
189
68
2117
2326
213
725
215
128
507
661
1025
835
397
300
152
1295
521
70
86
76
272
62
269
84
259
61
73
78
557
550
111
120
313
63
114
213
285
806
121
21
267
85
48
32
350
132
111
56
81
179
67
109
51
518
14
127
37
90
480
574
169
137
213
53
71
86
216
149
49
70
135
345
184
217
90
768
321
532
59
281
315
912
98
246
11
834
26
150
102
392
332
549
99
59
200
135
343
261
1043
476
81
53
115
89
166
73
108
98
147
185
2079
121
1308
126
418
132
239
510
52
243
599
22
109
112
213
149
357
76
143
465
59
908
85
280
128
139
72
434
175
115
387
464
10
75
119
96
110
3
98
183
625
127
165
1706
835
159
119
166
140
123
76
340
453
135
736
60
383
257
195
134
212
35
170
184
348
134
96
372
810
77
35
313
452
74
295
581
165
821
622
1196
196
108
247
763
146
491
70
669
697
158
81
428
354
1084
109
834
157
270
383
131
242
112
23
362
133
160
156
589
542
168
59
123
230
613
1913
594
80
2423
748
3330
1746
536
371
403
182
51
376
351
77
98
807
465
294
65
186
162
161
189
213
207
174
98
197
127
59
249
489
1875
367
396
95
153
443
39
309
239
80
141
458
62
729
388
38
393
307
760
40
76
110
228
156
263
261
45
139
282
95
95
58
613
716
156
614
467
304
19
142
155
52
521
106
367
215
82
279
396
396
509
279
246
110
182
148
293
979
298
151
64
109
66
207
79
170
393
76
156
361
56
147
468
724
100
457
1043
222
125
335
42
83
66
50
153
237
363
234
86
466
457
187
428
169
384
690
165
99
68
100
94
177
2955
919
91
369
93
79
187
235
991
94
244
173
338
193
330
92
79
76
11
4
270
97
383
241
72
20
539
200
351
294
115
172
18
53
193
4
130
440
187
198
700
219
107
90
325
112
122
73
140
97
49
92
252
273
51
71
304
208
138
571
618
164
86
560
145
63
234
232
134
344
593
111
59
69
151
90
226
107
266
569
72
216
795
37
191
186
248
260
53
38
105
333
460
519
490
87
332
627
1452
101
202
463
100
253
203
678
1168
966
233
184
129
1241
215
329
174
41
13
283
599
330
154
55
140
303
292
822
699
128
1307
1166
355
145
555
124
894
181
106
116
255
105
105
57
226
68
235
272
232
47
107
157
238
503
158
175
122
61
88
42
68
240
130
382
317
166
71
495
84
331
153
367
168
342
121
195
91
156
93
104
404
267
158
102
1160
316
105
696
534
304
60
46
117
251
111
104
59
126
72
398
81
265
85
241
197
510
517
51
132
564
145
116
299
107
168
92
301
48
457
255
163
246
273
90
168
440
610
136
156
258
374
235
41
48
41
1103
357
455
743
255
8
206
35
489
254
283
177
428
496
83
585
110
46
267
86
240
74
706
191
54
283
73
44
66
95
129
40
274
81
183
94
274
266
600
136
85
309
290
112
139
118
35
159
252
638
237
316
492
39
304
130
263
117
576
254
108
168
122
37
184
133
34
130
902
335
489
428
372
188
312
832
364
230
96
249
263
57
146
197
329
333
70
14
369
350
137
151
145
1235
745
1608
149
202
334
964
64
310
93
105
160
106
117
418
110
185
392
90
51
191
291
80
192
64
642
550
612
834
87
61
249
144
281
49
22
239
270
200
205
427
92
33
212
56
58
225
84
69
129
227
16
137
128
48
47
109
358
203
192
60
93
85
131
292
27
222
180
110
199
252
154
311
158
225
99
36
1000
40
73
622
495
409
205
120
56
34
1100
96
290
139
11
104
21
291
375
44
188
54
146
539
153
184
435
112
311
256
338
118
26
203
652
577
66
249
375
9
581
442
61
286
226
274
152
271
443
89
121
11
348
242
167
200
250
928
131
510
234
83
247
116
90
103
244
882
519
250
385
295
250
89
145
335
116
48
64
323
189
538
18
92
51
87
90
329
204
162
201
179
761
280
84
37
195
354
1508
2619
380
100
93
165
74
40
266
98
115
520
568
162
98
1005
256
549
183
426
429
662
310
175
514
282
93
98
101
236
68
363
334
651
129
497
43
47
588
1547
375
539
150
285
422
19
184
112
329
1547
137
564
801
595
290
9
135
154
221
423
243
227
123
154
115
147
622
161
275
319
724
642
98
193
438
144
86
56
500
210
617
62
383
610
24
231
196
90
79
275
142
152
674
58
280
438
63
81
135
723
119
88
102
204
121
57
450
170
230
117
12
44
58
186
206
153
246
99
127
65
220
504
29
560
12
352
194
193
274
238
455
900
476
1596
200
552
104
448
630
473
83
34
138
338
207
147
201
361
294
295
196
54
81
205
222
121
172
1577
801
1643
597
133
1707
1112
529
354
1805
224
75
335
62
216
139
320
180
705
126
35
151
737
3265
3589
847
77
797
287
148
209
217
194
119
169
127
241
310
265
70
51
92
370
70
145
137
77
706
610
146
309
23
263
100
379
280
102
408
53
77
61
29
136
513
770
35
131
38
101
77
61
315
722
46
140
79
405
242
56
123
316
91
101
395
3235
211
232
456
96
634
161
240
120
200
229
660
58
502
892
71
166
107
267
106
199
281
57
735
925
181
630
58
613
337
76
288
374
72
83
168
156
100
173
239
528
1319
102
57
31
140
405
88
109
54
444
253
10
33
146
119
102
147
942
877
126
535
153
83
168
161
188
76
93
201
183
97
17
146
625
140
519
63
502
459
131
635
40
1943
456
55
46
308
39
241
57
128
88
283
240
69
1543
956
433
72
261
99
213
285
589
439
120
55
165
92
697
102
188
189
4170
1831
267
123
85
338
301
565
1469
180
33
139
270
84
215
382
93
417
78
630
570
48
265
81
47
78
235
178
315
702
256
471
297
2642
138
94
292
151
368
252
124
397
402
132
82
122
78
1106
368
49
159
204
118
401
57
70
225
390
136
195
413
88
225
204
258
1091
648
358
211
122
143
2457
783
50
820
273
237
457
205
492
69
162
478
673
126
1066
200
1023
224
299
85
276
386
94
167
21
107
411
77
145
332
88
122
283
94
374
90
204
257
398
501
282
166
75
310
732
143
69
204
11
54
228
137
180
324
385
176
116
45
143
272
363
1512
110
58
50
190
64
181
570
372
225
1158
337
178
186
135
66
287
761
1075
158
473
139
383
300
74
212
116
357
1192
151
223
294
145
144
79
63
59
453
6024
84
821
56
113
364
191
81
690
320
206
91
174
139
220
158
56
502
169
98
88
78
87
298
52
245
387
600
450
393
114
91
416
114
226
104
85
96
95
264
68
373
98
140
36
216
180
74
144
132
103
506
139
29
431
292
165
315
148
128
92
566
320
131
19
697
225
209
236
310
480
359
238
544
253
319
217
81
535
220
398
111
86
89
180
465
298
90
431
292
534
119
129
135
574
111
685
320
181
203
69
186
167
98
443
229
217
126
273
246
357
176
129
199
103
104
146
426
307
438
602
190
100
667
135
82
505
114
388
76
182
288
307
217
660
502
512
138
84
120
63
206
133
573
341
411
67
387
96
118
288
359
148
422
1553
1200
117
514
293
315
114
393
384
116
94
4094
451
729
148
252
234
72
173
174
129
487
150
318
261
158
507
400
313
109
58
67
377
147
426
413
257
656
844
287
303
985
51
931
131
74
293
517
245
79
175
221
329
1991
82
112
253
566
479
223
1884
153
121
224
163
261
427
515
614
105
718
358
131
493
573
303
108
48
58
322
188
68
193
527
144
32
79
79
60
280
97
355
281
381
150
368
41
53
113
177
92
265
130
104
266
41
201
27
89
85
130
188
118
487
222
430
915
299
521
628
19
333
481
162
527
913
225
212
20
282
99
72
17
122
35
11
351
118
424
174
185
48
345
105
116
113
75
177
300
60
114
57
103
64
58
100
234
224
40
137
85
70
40
196
205
95
163
17
126
85
52
78
83
353
110
194
220
107
166
254
132
206
120
182
45
1515
2312
88
106
82
231
53
238
196
93
47
401
117
13
319
44
345
325
86
433
55
62
325
131
130
141
135
62
171
79
352
85
93
115
296
54
198
586
190
622
667
55
266
44
22
180
187
178
218
108
130
434
256
312
117
68
61
741
996
261
70
44
125
44
138
26
275
426
35
125
707
369
263
127
83
149
336
164
218
541
139
224
118
58
6128
86
183
124
11
40
367
937
3
37
413
267
91
3
331
410
210
677
39
359
287
272
516
161
288
789
65
621
357
150
259
76
59
21
154
92
97
202
79
670
89
146
458
96
97
58
54
453
319
237
99
101
144
78
44
97
187
116
153
96
299
370
497
23
487
863
20
289
923
229
290
15
290
588
148
323
355
1128
159
56
329
568
510
412
165
297
124
7
125
42
113
29
64
222
236
86
60
149
330
525
686
227
353
118
110
167
25
307
136
70
318
124
706
206
275
191
140
482
516
465
118
48
35
39
230
181
59
188
211
136
464
468
52
181
100
288
341
231
228
132
174
150
26
530
109
131
307
301
79
84
24
63
33
319
268
209
65
190
42
348
226
263
134
410
42
44
129
6
209
475
473
276
99
303
176
96
61
187
276
205
270
250
42
96
120
154
74
511
299
279
376
551
443
33
29
227
471
19
91
389
72
216
125
319
253
302
211
214
137
1452
1380
1183
137
43
339
599
528
78
138
19
45
119
75
356
268
101
400
1006
125
449
107
656
34
90
108
217
5165
244
548
39
974
405
69
163
60
141
39
277
12
195
397
260
315
36
33
273
201
110
37
284
149
378
135
534
136
140
109
404
146
11
170
278
17
22
18
153
152
653
591
1003
305
355
134
86
683
1358
248
345
303
191
1247
129
300
177
54
93
33
718
1074
246
165
53
101
104
274
188
395
810
72
107
157
45
107
103
484
317
243
637
107
85
396
335
351
114
229
168
96
510
77
638
574
121
1418
56
825
738
186
202
45
96
301
119
557
45
81
191
119
196
100
37
228
162
27
202
163
92
264
86
57
440
267
776
358
495
584
170
215
670
422
430
50
71
69
101
84
396
62
37
234
291
291
131
173
3
173
631
24
615
127
390
120
1031
119
262
154
229
113
110
1604
1730
545
544
111
124
117
39
1555
44
248
146
152
27
337
195
418
765
563
52
1348
589
234
875
1366
697
209
199
134
113
534
151
380
349
446
155
612
1077
74
322
19
19
241
186
1285
469
254
149
23
674
31
1992
138
114
406
41
264
41
161
478
239
45
93
144
310
170
162
365
270
137
64
800
138
31
31
110
160
45
64
283
172
939
84
565
189
144
169
322
481
334
434
443
417
664
680
2161
499
161
215
181
140
298
143
156
925
675
63
2653
426
371
219
633
212
375
302
156
361
72
254
1330
93
96
95
231
97
391
90
226
461
373
62
217
301
45
102
837
199
1139
861
77
529
86
391
994
737
805
764
123
356
247
170
292
143
294
246
30
199
112
294
119
476
289
182
110
126
128
151
497
548
367
778
98
252
445
51
71
932
1336
150
257
640
415
29
989
191
270
82
200
175
238
331
668
928
56
165
212
355
41
584
32
305
144
251
686
66
130
636
401
199
249
447
782
153
551
37
49
67
139
312
2617
1398
131
574
203
1611
230
348
334
357
893
157
72
196
214
176
300
1272
79
357
39
699
85
382
202
31
134
140
383
259
96
1819
166
234
828
253
92
769
280
461
89
340
292
174
895
168
354
399
89
186
176
131
963
377
121
635
373
227
367
912
879
4353
2139
490
262
394
104
366
1519
2618
11
197
139
134
242
303
110
222
511
116
66
130
219
117
94
390
882
48
234
371
274
708
93
304
160
544
146
1932
1084
354
74
380
78
82
112
322
378
220
682
423
1038
320
2761
111
64
139
95
47
238
49
120
237
275
129
97
1060
342
268
144
67
95
669
53
227
360
718
362
76
752
202
115
86
104
124
405
523
107
200
10
391
115
491
442
71
506
96
84
1541
2949
120
666
110
105
74
420
99
267
565
57
145
413
186
311
293
1402
177
83
144
368
53
215
521
100
1088
2708
109
603
526
1344
75
103
620
261
59
239
619
78
112
112
385
573
563
440
149
191
412
794
52
210
170
88
75
836
181
616
333
223
345
139
192
698
199
480
182
84
256
389
106
129
121
130
276
133
253
325
285
192
415
45
82
298
592
158
519
194
180
111
69
455
58
54
113
150
44
126
79
70
604
213
140
608
248
224
98
257
342
267
252
218
140
76
155
212
182
138
673
98
254
303
309
44
40
81
1335
1046
87
915
70
299
117
39
56
774
81
308
427
330
228
202
1985
528
235
1360
350
320
68
110
732
323
95
661
467
517
876
788
88
40
108
1040
415
491
742
210
831
188
772
141
426
212
169
412
357
725
109
899
570
38
13
114
607
96
420
54
111
825
393
144
348
114
210
301
179
209
114
159
495
163
443
655
441
207
197
221
147
15
560
168
32
132
156
35
618
231
140
138
152
1117
677
151
88
136
328
165
172
83
440
570
235
130
373
134
107
111
401
548
158
64
164
209
455
637
14
180
243
211
92
101
411
330
932
101
123
1890
557
278
553
63
62
70
312
132
143
309
455
92
379
153
174
104
149
317
65
168
46
133
134
332
306
1987
1121
11
188
1276
245
183
109
288
141
112
285
1001
354
114
1261
288
207
79
184
2494
722
41
20
195
572
134
540
35
122
175
160
89
190
112
425
183
30
100
98
45
71
43
22
142
396
387
250
273
522
193
82
532
275
146
536
245
76
313
175
223
259
9
46
52
113
135
64
126
79
13
571
205
103
182
52
358
68
92
1660
171
128
112
87
72
289
104
619
327
231
235
504
379
482
305
253
1373
60
97
58
33
166
577
211
147
83
192
244
511
120
201
375
215
3
360
14
121
263
153
827
172
497
952
75
194
98
310
100
24
146
1967
198
1144
348
575
107
115
264
189
188
127
67
90
84
88
221
193
92
62
494
867
3076
87
32
191
174
573
163
74
157
89
263
202
599
224
1159
868
112
114
1007
35
137
244
349
1795
209
382
114
549
290
108
235
103
1278
83
41
231
50
97
1239
502
124
151
154
572
173
523
1210
73
150
375
808
130
113
47
92
317
68
545
376
10
35
951
19
142
283
53
66
196
32
860
392
680
884
223
406
101
45
74
105
34
359
83
94
1257
322
134
232
613
189
215
886
164
76
65
184
628
729
130
504
164
612
92
559
121
420
176
21
1139
265
490
697
35
140
264
167
80
47
152
109
104
766
1941
130
69
70
396
127
175
308
172
123
35
77
1417
917
296
128
62
212
135
703
117
64
236
349
404
744
706
434
279
1459
170
87
595
992
421
98
114
275
179
234
630
178
154
66
39
60
243
440
683
415
326
310
89
51
494
179
4419
39
264
234
75
530
162
437
96
733
183
84
202
863
102
340
74
34
44
491
79
323
60
91
34
276
127
241
60
261
215
62
115
296
87
347
818
648
680
44
223
429
798
502
203
71
36
247
55
158
45
63
222
399
75
74
109
356
550
45
320
5967
232
243
2311
355
52
363
93
138
186
198
125
134
110
36
56
209
204
14
589
55
133
158
65
43
66
787
67
364
273
1188
222
359
133
89
1389
1516
477
323
5132
749
137
277
118
45
366
91
106
200
244
107
194
120
153
112
178
271
61
91
257
66
407
285
135
511
85
223
126
225
277
124
263
179
173
209
285
73
72
15
137
417
88
418
258
74
417
173
165
18
12
134
18
154
748
93
116
301
76
70
71
33
373
138
186
1743
273
389
2434
685
100
247
57
141
110
584
205
1241
111
62
18
60
182
1582
1410
368
128
377
380
801
124
17
69
435
418
73
121
205
96
261
260
83
634
481
1662
1011
360
84
651
252
144
126
275
313
371
271
132
288
155
131
432
1533
470
488
358
238
136
179
423
261
111
127
110
52
215
763
53
121
960
11
157
68
41
240
80
59
364
263
322
348
310
210
249
360
552
135
549
310
42
462
330
1070
270
514
69
229
348
128
300
392
285
126
421
92
151
702
278
511
111
100
298
559
384
59
1732
358
208
965
111
343
203
150
118
97
98
59
90
204
125
126
547
100
134
371
306
187
304
328
519
101
272
331
252
193
369
356
371
165
117
261
61
610
48
417
178
351
1207
450
14
3412
78
264
60
373
365
102
117
314
170
152
216
99
177
231
47
205
104
945
164
216
665
1293
217
35
210
812
76
200
284
534
145
159
219
496
685
395
240
715
33
1521
1118
1949
379
67
254
298
135
618
108
84
281
123
118
57
89
291
47
226
197
53
117
102
176
197
111
42
124
249
53
440
799
145
517
1154
181
857
338
521
91
128
72
197
871
262
262
84
545
87
763
194
2373
301
708
483
236
73
77
79
259
112
102
417
5196
86
362
632
302
82
3295
104
81
216
716
174
421
26
240
57
120
46
192
314
448
226
530
287
39
540
166
315
118
1189
101
153
51
365
96
121
183
128
70
507
325
117
80
162
26
231
161
301
364
282
67
590
413
176
91
555
80
757
1218
74
543
2201
688
607
2601
144
94
112
62
578
128
92
183
283
99
156
55
46
455
151
67
85
40
179
317
1070
211
256
106
156
145
165
70
382
44
112
351
1606
1069
86
358
291
212
68
174
75
140
132
70
240
165
510
685
185
346
210
360
192
412
72
410
18
699
137
116
350
115
236
571
632
472
1599
189
694
170
481
365
1232
894
153
215
43
318
326
402
188
23
226
405
1410
1074
270
450
185
283
52
301
254
771
86
186
117
121
47
127
1365
737
353
145
210
893
892
703
95
55
110
1245
123
516
621
246
781
67
132
214
157
163
182
692
364
621
94
34
243
82
709
94
1915
709
192
106
181
45
149
141
249
672
184
337
226
121
632
61
21
614
761
409
150
180
82
61
310
211
148
647
700
27
210
117
115
262
301
115
286
960
132
153
54
126
134
257
780
268
88
407
676
79
288
314
80
110
468
570
155
69
142
385
262
130
393
524
109
107
652
396
106
86
498
275
84
54
473
272
349
598
127
373
95
380
331
862
124
83
664
70
548
388
80
1084
694
1366
19
93
141
1928
280
140
235
92
98
84
254
250
114
136
1001
1122
213
98
160
85
251
228
37
839
430
123
234
55
160
133
1225
242
881
56
77
510
52
178
43
439
313
301
508
1420
82
2024
229
283
281
252
1049
2448
306
497
35
344
222
636
289
78
75
571
74
114
195
235
87
881
226
75
138
311
358
66
341
343
584
555
120
384
334
60
98
319
99
49
317
668
353
425
357
781
9
187
203
8
372
92
180
310
660
27
19
124
538
1077
167
200
1922
256
66
195
106
510
289
269
347
108
108
107
275
536
139
178
116
117
40
210
137
71
256
341
476
319
382
330
247
342
137
169
88
189
124
508
290
299
189
315
158
564
228
259
127
84
85
450
641
159
427
98
95
579
856
294
175
520
68
61
781
475
76
77
358
1066
549
312
559
642
107
238
97
57
560
285
339
157
533
179
268
179
246
12
67
79
134
308
284
121
274
358
704
252
105
128
300
34
145
59
59
208
503
157
44
90
199
80
138
102
119
450
129
842
145
489
799
286
23
125
49
124
148
485
882
17
234
61
152
87
353
895
219
67
99
94
318
59
261
254
264
163
91
449
55
195
110
66
103
49
128
496
116
308
71
26
151
221
93
856
75
373
1927
177
106
290
262
27
436
43
185
86
948
224
90
81
152
535
330
203
726
756
143
93
248
1527
471
449
183
1164
400
129
533
77
76
80
110
92
165
141
124
16
72
258
206
208
528
858
289
990
123
496
315
109
474
677
1087
551
623
745
44
37
312
302
218
145
381
22
30
216
96
482
514
222
184
205
359
122
207
190
97
88
266
344
213
155
68
91
166
143
140
113
230
115
1020
149
131
164
173
158
41
196
52
193
199
721
59
111
131
173
10
104
175
1235
287
429
134
63
81
142
293
48
109
285
393
172
432
72
495
81
74
678
56
1064
312
53
361
10
552
194
263
268
257
1189
194
215
186
212
129
112
773
172
236
205
711
174
36
102
269
1054
568
381
405
991
320
147
54
283
233
17
169
216
67
47
136
76
416
60
195
159
106
203
68
113
175
277
155
44
112
48
306
433
102
405
1898
168
1312
199
78
1448
245
184
980
251
444
40
254
84
120
410
44
358
81
232
51
11
74
4
102
230
27
358
60
225
289
125
189
381
84
284
124
7
92
275
152
106
22
105
101
65
155
160
134
74
81
202
37
159
122
417
352
534
193
270
290
180
61
72
29
260
166
92
53
432
117
400
55
404
163
78
89
120
424
43
104
482
1868
291
105
678
678
272
91
259
371
65
136
118
315
91
1229
83
731
353
67
303
204
566
722
150
372
165
78
343
113
181
160
120
37
357
665
411
247
161
581
168
443
71
102
202
216
356
361
486
44
96
276
281
106
329
95
59
141
83
479
842
140
150
506
313
87
42
806
197
96
1231
60
101
75
1985
72
76
79
649
840
240
995
76
215
312
3151
1160
1517
649
24
249
154
275
1240
119
165
1838
1118
1564
2561
39
162
235
349
90
135
82
328
169
51
1680
1425
223
109
63
190
147
406
148
546
90
22
1381
445
217
390
173
222
262
107
97
549
485
1417
405
203
171
195
163
80
57
532
24
207
20
83
312
39
346
1590
446
119
119
299
158
260
165
103
366
313
436
281
485
30
83
192
104
112
205
128
450
236
264
247
51
112
280
358
560
282
183
173
136
335
139
729
91
24
433
226
383
123
224
97
38
200
426
7
92
134
69
162
66
180
214
216
180
233
279
155
80
173
153
208
342
125
571
109
156
4
334
99
175
15
18
13
36
247
208
236
756
623
112
606
84
483
1353
30
875
196
514
66
14
113
50
168
92
36
36
23
41
41
36
41
37
41
41
40
41
40
40
41
29
441
989
177
112
141
100
147
828
575
37
65
55
133
51
99
33
92
97
138
265
144
446
287
505
340
1369
85
248
69
756
91
60
95
299
297
109
137
70
295
54
531
496
676
445
177
1103
689
179
242
140
192
884
132
572
1079
135
129
695
136
176
3640
237
317
364
106
626
548
207
546
136
317
390
403
149
258
1568
536
376
375
63
408
368
267
492
132
74
558
1055
874
112
162
32
141
271
730
775
73
78
45
1120
1033
149
215
185
1755
150
1174
121
219
463
13
70
945
481
462
457
322
180
131
51
274
232
192
583
685
784
879
64
238
2727
102
64
1112
248
379
1977
81
359
603
295
740
27
275
1849
98
574
150
254
343
250
100
156
409
2696
407
85
217
156
1144
65
48
278
241
149
124
662
89
123
340
130
202
382
296
93
100
112
649
317
284
111
534
1195
1079
871
343
54
189
729
179
314
93
324
20
169
1759
704
106
1938
403
104
67
480
154
399
191
183
908
109
212
359
455
94
269
643
250
1095
482
420
82
223
70
80
156
252
114
300
201
239
213
325
76
304
1822
317
305
489
70
274
208
69
472
1849
271
380
89
59
21
163
129
542
171
29
177
657
178
280
202
241
365
25
72
48
110
31
608
64
51
943
911
291
52
145
1041
64
319
323
490
94
338
94
365
118
222
217
1059
154
463
960
659
47
110
42
379
244
39
322
181
129
1520
3
9
3047
127
73
26
503
555
1967
719
109
883
61
176
451
241
337
986
370
314
189
47
854
321
86
75
627
136
1464
83
1024
1741
92
78
78
197
89
238
135
217
221
214
126
795
68
698
406
53
73
102
139
218
276
13
192
502
288
300
982
28
61
398
582
70
1330
96
1041
92
341
617
68
374
49
1403
816
467
155
213
198
106
152
1780
79
161
95
129
116
226
187
237
97
320
197
66
138
1637
329
888
205
616
724
1330
67
89
226
96
79
58
118
161
77
940
618
57
1865
128
86
37
59
202
112
319
262
545
159
49
24
97
499
40
813
550
426
610
297
391
428
120
481
121
57
84
1518
43
369
159
643
131
997
1071
70
1022
64
537
549
335
196
114
559
153
377
240
1317
520
391
170
86
1235
206
181
285
334
256
168
252
291
458
1507
3353
97
648
1042
312
728
416
444
68
403
521
346
60
559
197
92
1502
295
527
121
175
811
1737
330
34
382
62
283
92
504
241
767
729
182
1127
523
590
117
173
346
17
635
63
113
294
363
538
114
85
104
36
72
116
632
24
100
287
214
627
781
237
486
886
62
1070
1180
124
421
99
11
164
121
67
374
124
65
79
93
509
2136
161
567
3321
463
689
555
74
182
753
45
93
158
200
103
307
140
1188
205
126
625
76
2138
155
597
631
111
580
148
75
165
76
34
155
133
337
477
1477
546
531
59
834
707
600
382
80
299
285
102
414
79
119
184
189
99
116
255
359
157
65
12
1171
210
468
232
63
1316
1020
175
710
434
111
81
502
77
47
70
300
516
398
1
110
322
336
356
161
15
252
337
86
91
407
461
85
382
824
266
175
269
172
1084
675
1394
158
1232
172
704
288
131
831
394
157
193
498
173
160
172
36
120
38
683
239
326
1053
598
23
214
42
205
216
180
20
118
54
317
331
50
466
94
199
103
1135
196
534
2071
1005
134
164
420
1154
91
1456
1911
1300
819
122
52
34
104
255
523
63
989
50
277
144
93
188
789
69
92
243
1149
203
3591
342
50
134
58
80
126
147
142
109
2269
124
1040
775
83
789
559
823
147
241
131
217
651
726
278
184
1410
516
3391
169
125
49
1185
74
660
499
1378
387
508
32
1494
603
78
94
547
827
178
400
31
213
120
87
423
112
575
251
242
99
1101
287
243
458
1355
404
187
610
