98
224
17
204
76
56
147
131
92
132
100
14
68
9
103
58
58
154
868
112
113
23
118
40
133
328
95
116
229
36
42
188
382
131
3
135
356
80
110
280
244
156
164
139
102
73
118
188
76
106
106
72
30
44
54
23
267
200
111
131
140
194
142
182
19
293
201
6
158
188
57
51
28
196
193
23
133
120
566
116
88
87
139
92
80
40
94
41
141
150
101
85
216
38
91
112
156
15
106
79
71
240
154
51
48
23
353
199
102
123
53
223
6
140
127
309
92
82
295
10
90
214
198
145
93
306
99
59
17
171
92
123
143
53
290
10
61
208
172
231
473
22
15
83
115
266
65
169
30
155
233
679
770
99
101
98
100
309
109
140
521
246
129
9
76
331
167
215
243
302
62
124
108
31
108
104
54
52
269
398
104
93
115
218
222
76
114
290
68
154
192
56
200
338
208
478
87
39
53
94
80
122
187
14
32
132
92
259
116
95
88
57
98
43
198
162
154
198
162
156
234
50
26
65
125
24
144
61
277
39
229
228
138
3
34
78
269
197
215
968
425
9
250
514
20
41
64
5
324
193
229
278
110
304
43
62
120
249
97
187
190
35
1208
916
304
532
298
49
292
300
109
154
29
952
44
30
299
307
6
90
208
97
210
102
7
89
120
145
475
128
125
16
115
193
512
109
99
100
165
132
248
106
479
100
9
152
25
80
90
101
21
113
67
39
16
296
217
528
2450
209
93
461
128
92
133
92
36
96
100
163
2245
95
246
338
90
296
123
552
57
476
308
132
2
60
140
227
106
98
271
80
232
316
203
92
58
33
38
106
198
149
81
67
97
100
167
11
200
48
310
40
252
42
46
100
405
228
194
81
202
92
186
159
92
237
133
6
85
47
60
18
308
42
344
47
2
90
90
116
26
100
115
405
93
140
73
25
151
23
122
243
98
101
3
88
106
76
114
74
97
187
88
92
163
101
130
8
42
261
92
415
202
114
5
420
259
38
74
86
13
249
96
446
280
39
76
1254
1034
435
90
106
1653
166
138
53
60
30
39
92
280
170
102
38
61
2
114
142
246
89
217
80
76
136
100
450
111
132
46
177
135
28
97
741
93
100
88
137
28
240
70
104
194
204
100
128
86
2
31
218
18
10
200
118
274
121
92
204
60
134
99
213
92
87
128
48
83
93
41
100
70
45
124
650
118
198
30
92
172
115
146
111
154
30
99
331
156
62
158
37
49
37
21
147
193
207
10
92
109
46
141
214
213
231
140
29
302
32
298
7
257
21
100
100
197
40
199
210
297
67
62
44
284
192
12
35
141
117
2
229
256
71
143
124
125
433
286
3
241
19
89
109
394
2
87
268
92
249
180
272
175
162
250
161
100
42
312
473
238
61
308
12
61
205
2
121
44
29
84
105
107
187
229
130
27
18
159
174
12
214
116
298
24
94
151
274
93
84
200
146
22
259
110
14
38
75
42
48
166
52
96
136
40
279
294
131
159
109
79
163
16
297
56
128
92
337
175
319
46
43
47
46
6
46
46
43
28
249
57
75
136
51
60
289
310
117
100
124
219
44
73
220
114
50
85
99
138
3
226
3
168
44
263
102
109
320
53
38
279
19
178
295
209
26
69
26
19
29
98
33
11
167
298
143
106
147
44
101
6
2
316
800
76
256
49
275
105
44
1
28
417
219
182
74
198
258
126
59
271
82
203
76
86
60
14
89
163
143
72
305
17
99
259
132
9
37
152
100
121
11
96
100
190
220
155
229
191
297
177
224
126
18
81
19
301
5
108
82
9
44
436
438
86
75
84
30
159
92
329
400
72
290
72
27
306
289
167
90
44
47
117
100
112
149
440
100
158
1167
198
229
99
306
36
362
205
373
220
449
114
202
33
18
226
99
139
100
92
220
236
140
6
185
105
103
22
110
172
11
92
100
329
224
169
179
149
149
144
165
59
92
92
128
23
93
108
117
92
86
85
290
72
198
100
12
116
1
267
141
114
26
87
69
28
119
122
32
202
229
616
759
25
128
71
278
112
101
92
220
148
174
11
121
217
121
131
6
115
27
16
416
192
108
120
7
29
107
100
9
55
6
356
127
104
223
105
201
202
10
181
109
47
92
26
111
92
117
92
214
29
89
31
64
38
57
138
92
202
55
55
92
74
31
58
124
116
206
270
237
153
77
142
26
2
109
236
109
113
51
164
319
318
92
92
105
152
90
37
101
193
37
118
269
163
337
120
22
167
20
267
49
36
43
234
30
61
92
103
290
77
354
151
68
290
401
27
75
24
31
259
198
388
149
73
137
455
249
195
178
54
132
177
188
599
44
2945
141
474
1299
1840
91
44
310
46
141
289
215
24
178
105
117
48
2953
761
292
153
224
11
20
308
39
80
214
181
64
106
92
14
26
21
139
51
254
126
344
44
86
214
175
195
85
58
52
1210
1
131
307
87
48
497
153
185
224
77
106
46
299
173
82
289
115
307
48
226
330
150
284
468
22
291
666
402
49
124
273
164
30
93
273
350
129
105
97
193
173
54
503
58
33
6
141
78
359
119
10
198
409
141
377
400
100
100
563
40
201
323
86
99
137
225
151
155
61
196
47
139
16
552
38
224
37
911
134
101
215
92
99
2105
176
139
253
135
199
92
108
100
92
132
69
207
59
9
92
105
252
216
247
3
156
39
119
190
224
591
34
22
121
131
260
317
212
76
541
56
298
30
33
35
222
62
112
9
142
29
6
87
151
420
250
255
133
95
74
159
237
129
138
135
210
151
200
49
67
963
156
40
69
102
41
135
138
68
431
373
27
38
711
23
103
169
23
282
44
28
107
260
222
48
48
531
193
4966
294
417
306
30
122
36
358
396
874
1072
299
122
85
54
116
386
185
20
218
54
187
200
92
200
233
309
51
22
154
199
116
22
644
36
139
154
147
218
200
45
15
297
294
189
92
193
488
20
66
76
258
48
30
146
70
41
304
276
255
113
191
180
158
104
36
195
21
96
92
480
330
229
184
95
400
54
24
175
19
74
430
2
136
49
68
270
108
44
1
154
96
102
125
96
217
33
94
136
189
28
7
166
29
189
111
304
255
100
100
32
125
243
98
91
104
38
243
209
109
416
92
92
78
147
111
232
125
172
13
159
103
41
162
18
20
301
149
51
108
92
383
111
101
28
225
38
23
169
195
101
295
125
120
135
104
168
100
195
75
122
134
144
448
180
103
17
5
97
93
124
49
163
42
18
161
65
38
117
300
318
304
815
283
35
130
125
171
2
110
122
191
56
296
150
17
226
150
1433
114
86
95
204
159
104
219
67
44
59
40
145
292
210
220
30
239
291
380
110
230
46
28
59
261
37
47
165
37
281
176
46
149
49
242
25
93
105
199
101
59
101
44
316
81
11
54
107
174
92
313
352
268
43
3
115
140
166
513
269
32
158
46
38
241
54
28
58
176
127
193
134
88
142
29
56
123
230
69
12
79
75
40
437
358
213
100
620
152
71
24
181
144
130
97
108
125
27
100
57
131
200
199
85
130
5
103
58
24
100
124
9
90
100
168
42
295
145
132
11
139
117
95
32
138
92
171
86
13
92
157
179
156
235
92
100
59
130
96
28
25
373
87
140
228
55
200
1149
146
124
156
123
301
102
107
110
214
118
154
92
118
26
101
100
124
116
283
92
112
28
115
122
29
76
16
62
71
32
278
1052
105
40
255
302
54
41
128
282
204
228
238
12
61
131
293
29
303
274
200
284
39
408
251
49
90
49
450
186
20
67
102
47
319
249
61
106
396
388
599
160
103
240
277
286
34
167
192
245
25
61
33
49
130
299
1362
116
390
139
218
102
595
36
609
452
549
542
160
61
293
282
154
92
194
264
168
203
92
54
79
49
48
29
136
145
92
109
127
107
77
201
309
439
26
95
97
643
82
180
94
299
96
433
433
1689
354
398
294
360
383
220
488
54
54
104
122
87
33
110
278
216
63
52
38
60
252
284
187
373
84
30
370
310
156
364
103
25
290
67
62
57
261
314
162
111
90
125
215
365
78
36
301
173
56
118
656
195
104
281
26
279
89
109
312
219
305
193
487
39
306
86
35
33
161
299
190
60
82
19
195
231
36
185
275
21
210
113
26
236
220
80
501
199
301
79
33
5
92
157
25
315
286
301
247
149
369
215
80
32
47
441
638
1534
92
277
147
97
41
174
135
222
209
13
5
103
17
61
113
243
116
208
7
117
200
85
1195
207
33
72
100
13
174
10
82
96
25
81
12
93
69
251
107
60
136
102
203
137
92
106
66
333
95
76
188
93
11
213
2
112
120
136
35
31
92
171
193
107
40
103
113
100
72
54
176
99
170
92
201
387
169
2619
238
18
85
148
102
54
145
64
161
93
124
101
92
210
220
119
193
132
137
63
157
210
100
189
149
39
6
63
108
93
75
100
24
122
52
127
166
93
41
113
19
228
283
114
192
92
92
92
115
119
99
92
215
14
104
118
168
192
121
3
130
111
219
101
80
12
52
28
18
126
115
113
39
47
24
102
26
181
317
186
214
212
175
113
48
105
100
153
101
105
196
118
92
143
108
96
95
169
78
43
127
125
144
10
74
120
194
106
116
183
101
158
92
92
94
177
40
100
120
165
220
161
151
129
127
95
70
134
285
92
82
92
3
195
116
111
118
3
175
232
133
102
101
59
40
211
76
15
127
55
101
92
92
97
144
200
92
136
92
295
215
173
93
86
92
27
227
92
188
128
41
153
141
50
35
92
260
202
2287
78
102
204
131
99
203
6
95
244
116
92
198
128
92
216
131
125
99
114
180
201
290
92
101
108
151
108
133
129
30
112
18
38
123
121
127
128
170
95
156
107
100
157
232
178
48
57
55
92
189
103
105
159
100
92
103
119
111
92
52
92
158
40
282
108
22
170
265
5
92
100
200
126
166
103
508
100
185
116
38
80
129
168
164
71
100
153
206
107
89
100
90
159
150
54
313
115
430
278
49
727
28
45
177
208
132
295
140
164
231
101
290
292
105
220
18
104
55
195
220
100
120
13
4
95
169
108
105
103
262
55
43
17
92
96
39
82
148
100
54
108
35
10
112
62
103
168
222
177
93
9
163
20
91
48
14
410
92
192
92
197
364
54
217
217
56
136
113
202
87
7
219
57
130
441
392
64
12
287
178
33
111
131
194
316
226
375
294
283
274
138
294
191
284
275
329
1154
207
360
170
191
184
310
44
234
99
26
184
73
327
97
411
142
96
127
25
92
143
126
93
100
80
5
142
43
2
137
137
100
137
86
138
47
99
99
200
193
158
93
178
226
106
118
153
18
86
192
92
64
23
151
36
227
234
115
400
200
95
756
801
35
65
35
158
400
102
154
85
41
17
8
192
49
48
286
93
116
190
160
122
92
153
406
238
74
102
124
133
61
158
239
143
181
95
92
153
152
33
103
92
7
151
121
93
92
2
17
24
116
97
263
68
284
36
118
135
27
79
8
92
92
84
145
98
131
92
207
4
199
203
145
111
151
251
235
97
120
6
13
75
124
30
269
24
171
92
126
161
103
102
187
378
98
202
4
156
133
100
100
66
2
86
77
94
93
92
197
217
156
137
95
92
121
85
841
193
1
92
100
149
37
5
40
12
227
18
275
170
178
92
128
247
92
258
91
31
142
164
118
108
102
81
297
249
193
194
112
92
157
145
36
144
76
92
98
83
57
151
80
91
6
113
44
28
130
98
92
177
172
117
104
100
52
111
115
146
131
537
64
115
50
163
206
11
227
128
232
245
47
183
184
92
179
136
95
233
189
161
171
219
113
156
44
32
26
458
225
94
180
39
92
204
98
27
159
162
211
153
134
120
98
3
150
261
101
51
86
92
197
157
92
94
108
1207
94
66
25
122
101
150
37
170
127
100
93
95
61
43
274
104
21
163
12
124
115
97
100
84
25
66
98
149
177
148
42
138
34
25
185
139
92
248
101
129
163
206
120
119
267
158
100
123
164
138
25
152
214
30
185
165
31
153
233
156
47
1
93
57
40
2
94
99
148
12
131
40
400
248
94
235
118
113
160
101
111
78
98
100
42
45
15
128
92
31
243
122
3
166
216
35
269
285
36
70
81
93
92
182
141
102
149
17
95
93
25
111
146
92
117
60
19
107
95
150
23
192
154
160
144
134
98
65
278
110
3
3
235
206
136
170
116
171
45
92
92
128
133
2300
87
129
1
155
272
2
26
31
69
207
153
100
98
173
309
165
236
209
218
124
235
124
123
57
73
81
113
131
94
92
131
170
117
167
140
18
145
105
133
209
81
121
173
161
47
68
224
134
126
15
112
209
158
97
158
94
100
183
112
122
183
328
55
103
100
92
92
159
92
104
145
96
92
87
103
55
100
21
115
115
143
118
92
147
2
89
154
6
298
32
96
200
118
4
111
231
66
124
120
157
99
92
98
98
92
100
100
90
24
29
156
92
126
35
226
123
267
80
115
176
49
225
118
143
138
39
260
115
137
256
25
178
92
92
192
61
4
94
92
37
44
9
107
97
24
75
100
201
126
138
18
98
169
177
37
188
124
158
93
55
67
77
154
97
119
37
92
87
43
19
151
137
92
218
53
2
61
118
303
193
39
211
42
122
10
180
6
38
91
92
120
182
187
92
150
43
53
102
92
134
135
102
241
167
246
50
26
145
77
95
43
190
170
271
122
97
100
92
97
14
76
158
235
162
83
51
147
32
85
215
158
4
211
92
70
244
110
301
209
66
26
140
98
176
181
121
71
150
258
126
100
92
19
163
22
75
34
205
116
483
8
199
197
160
180
92
82
20
78
92
147
7
159
207
60
92
220
188
104
148
50
188
96
64
4
128
108
92
151
119
94
293
6
85
190
113
213
49
47
171
43
269
99
213
31
122
117
122
92
141
100
95
108
92
94
154
163
230
283
55
50
33
99
197
154
231
213
93
105
152
92
150
181
107
175
103
99
134
138
195
65
80
123
13
67
123
116
201
118
202
32
59
53
236
36
87
292
197
9
225
87
128
122
107
92
125
131
58
110
58
33
152
6
100
136
222
93
113
152
30
95
240
96
235
145
133
169
114
99
92
92
96
116
42
49
92
137
113
114
92
143
92
23
124
118
111
92
103
85
106
65
26
118
131
118
82
96
185
171
50
139
202
100
228
400
157
150
200
138
94
227
137
252
175
99
128
15
130
54
121
192
152
126
221
52
165
96
79
222
156
98
200
47
92
114
88
69
96
97
77
21
140
105
109
48
9
137
195
68
135
270
168
150
111
345
92
129
95
92
444
222
137
155
128
10
199
198
98
105
18
97
93
161
305
118
302
4
99
207
97
92
74
33
125
92
124
180
200
125
274
175
223
177
8
92
39
21
110
92
10
100
117
108
93
121
31
231
101
92
108
116
257
208
94
2
144
76
149
190
140
6
117
217
13
17
153
188
215
8
139
93
226
186
145
174
89
293
23
86
8
120
69
92
92
123
92
177
138
156
14
144
164
157
143
109
96
107
164
100
252
92
52
32
157
92
175
96
106
14
112
2
92
148
900
92
96
99
143
131
245
162
45
92
230
208
242
62
169
92
155
15
140
69
60
77
14
3
115
101
148
108
56
107
203
202
135
22
72
19
93
118
83
139
101
239
111
258
4
178
151
27
263
71
111
162
92
128
92
93
286
100
135
201
92
180
217
53
43
57
189
87
187
125
129
135
14
37
168
214
155
32
44
20
100
92
120
54
262
598
92
95
154
92
120
268
100
185
6
283
158
115
4
136
78
16
92
220
99
161
117
146
16
212
208
117
99
127
35
77
171
28
3
85
167
18
89
42
148
336
84
115
149
100
95
192
145
74
174
47
92
67
25
50
65
311
10
92
47
194
97
272
204
82
109
92
72
197
201
93
100
241
92
17
161
115
106
107
18
236
319
102
189
33
39
387
112
213
83
90
100
92
19
111
173
22
102
229
201
105
71
101
264
128
116
410
79
39
34
92
478
114
30
135
297
66
79
114
145
143
52
83
71
100
180
90
92
142
13
61
247
133
85
160
96
170
34
92
11
132
202
1
149
154
92
197
200
56
47
180
125
44
292
80
125
181
92
104
101
84
111
18
209
192
305
84
24
116
242
74
78
92
98
140
92
66
185
151
167
109
83
8
119
193
26
92
28
190
22
136
219
40
600
187
96
124
82
191
122
92
98
400
42
176
92
89
23
169
109
92
133
120
38
166
89
170
144
31
164
5
92
95
190
317
161
7
99
92
100
47
44
5
153
86
153
23
146
36
40
88
1
159
158
92
156
167
56
39
128
49
164
165
94
194
3
55
162
59
57
73
18
95
418
98
93
169
180
127
79
16
202
153
168
123
104
114
107
70
132
147
92
10
120
118
141
162
45
74
194
52
130
193
180
79
25
188
172
118
111
98
146
217
131
141
99
175
400
146
92
233
69
92
73
26
199
129
34
125
77
259
143
218
193
16
73
218
36
31
44
147
51
126
174
94
80
44
83
87
215
105
284
24
113
100
29
112
96
408
135
226
47
80
237
110
19
136
106
190
202
313
306
3
245
128
44
175
92
84
121
53
41
39
247
110
2
119
89
169
168
92
77
162
156
133
143
50
33
169
84
47
95
273
157
138
35
223
91
31
201
14
114
109
15
63
373
174
129
66
177
17
78
315
155
10
111
35
12
195
133
41
19
153
227
242
159
326
100
142
115
275
153
174
211
87
16
70
137
122
115
236
109
434
130
125
225
37
276
292
30
92
62
148
564
375
131
34
101
160
156
150
67
331
27
707
162
101
106
204
477
38
207
11
144
175
206
26
126
241
156
292
130
78
400
386
5
167
96
215
53
229
29
126
328
294
40
227
296
189
40
173
130
101
324
250
328
67
315
166
102
33
414
180
395
425
42
58
19
46
13
30
73
68
236
108
468
227
92
51
175
121
227
56
13
34
178
24
83
20
8
101
19
596
60
38
63
292
99
109
210
124
266
89
270
227
201
178
188
401
358
12
398
90
170
1005
272
559
165
134
111
292
21
65
305
35
47
310
121
43
92
31
281
38
10
246
272
15
140
403
471
300
892
372
440
1560
367
1095
269
1003
853
420
861
92
92
44
307
31
158
108
218
234
219
388
282
437
62
267
15
436
103
290
38
168
485
201
475
78
147
214
55
109
120
12
152
69
164
100
209
190
155
171
261
100
172
284
190
166
121
81
298
345
1562
33
49
56
91
491
200
374
23
71
141
279
10
54
120
57
63
101
9
27
190
65
610
354
70
261
389
296
36
274
957
2165
714
351
117
16
117
92
296
503
117
278
314
25
21
48
70
155
203
134
499
109
92
146
93
92
55
49
62
109
100
235
263
1
103
156
171
83
135
67
92
454
122
90
320
54
375
167
248
92
92
144
146
100
119
77
112
143
3
242
99
161
35
70
129
102
247
213
44
238
244
146
296
49
45
97
145
37
55
296
149
195
539
292
204
298
322
307
34
305
39
40
769
473
62
973
178
209
316
301
56
37
36
123
471
220
70
1824
234
306
494
40
66
153
254
78
296
227
18
133
21
94
101
17
57
268
296
23
228
328
338
326
178
46
30
98
11
182
93
101
92
46
262
217
181
106
18
92
203
286
48
97
47
177
66
130
135
53
41
130
241
311
172
154
122
149
152
35
37
72
16
103
209
67
55
263
244
295
162
72
324
399
99
176
59
135
64
315
214
235
272
26
286
438
291
35
306
52
328
343
166
215
223
299
208
68
299
209
108
186
114
248
156
273
312
189
296
128
202
167
208
223
49
314
435
55
292
131
28
303
149
191
86
298
247
282
479
30
54
111
139
54
414
28
277
455
293
286
217
669
138
22
57
216
242
78
173
234
68
334
83
1540
194
39
162
282
67
277
161
212
100
170
292
106
94
189
809
92
8
95
26
168
7
192
92
102
158
102
23
77
225
135
422
13
174
18
244
137
183
13
186
419
33
91
82
177
216
270
163
28
55
9
220
14
15
280
157
71
9
92
404
100
620
264
57
22
289
76
215
417
447
28
65
92
148
93
96
98
10
109
21
169
117
175
42
49
196
11
94
130
257
112
66
136
97
7
92
39
35
29
62
265
3
121
92
107
23
103
180
92
204
92
196
163
85
107
69
272
178
5
234
175
157
154
168
24
152
26
126
34
97
26
98
106
146
138
47
114
31
281
258
236
136
36
290
84
95
296
224
106
87
293
934
261
155
928
306
164
413
12
367
84
59
39
287
22
25
21
131
171
258
71
99
230
97
51
175
129
179
164
189
78
30
160
107
38
24
24
229
279
38
315
60
437
295
39
290
23
169
88
149
260
282
49
191
70
118
131
298
37
68
51
87
300
244
102
149
34
410
60
297
159
112
131
305
100
398
291
35
453
72
276
92
229
374
145
110
269
59
326
299
290
334
302
138
28
306
306
769
306
845
355
230
34
41
278
306
32
81
39
49
51
72
90
171
97
119
110
92
120
14
7
106
311
62
56
162
278
229
141
157
250
176
33
101
100
200
96
34
5
116
86
180
192
258
138
172
267
313
114
41
161
75
50
25
128
25
112
138
239
168
377
277
35
17
116
201
138
68
305
238
108
279
297
85
353
143
29
297
100
115
334
307
84
399
301
119
200
95
137
105
184
100
61
122
168
101
85
23
135
294
125
106
267
95
92
219
120
26
266
375
158
364
73
138
155
211
118
78
533
101
42
130
323
92
231
233
23
49
50
159
195
417
92
165
100
354
8
100
122
120
91
184
12
160
12
209
313
92
191
29
173
8
98
211
124
233
126
214
78
150
123
124
236
49
165
96
113
100
151
8
21
179
167
92
95
92
92
72
230
97
92
125
38
211
158
109
264
49
49
100
151
160
92
102
92
100
100
92
204
92
100
170
240
121
152
211
32
100
109
67
122
99
14
94
174
134
93
158
142
7
192
19
36
92
169
96
92
172
121
146
144
96
174
11
89
15
90
147
101
268
20
102
400
109
92
128
7
113
102
93
35
15
156
126
100
5
8
299
107
62
50
70
129
32
32
234
164
138
38
83
434
178
92
133
74
206
10
27
34
67
237
180
19
83
71
68
218
91
101
48
42
73
20
92
118
118
135
206
92
71
40
106
209
100
92
90
152
103
139
172
92
23
145
41
112
13
92
128
96
134
169
222
206
92
146
123
198
64
33
53
166
127
125
32
184
330
69
290
55
33
108
138
63
136
153
100
184
144
94
92
40
171
130
117
99
239
144
92
179
207
17
177
92
92
19
308
323
103
41
151
21
25
162
111
102
160
113
97
91
124
125
3
152
37
46
143
98
90
43
95
100
206
136
35
28
42
115
115
92
221
74
92
62
96
144
144
92
102
18
92
227
79
130
96
90
101
43
158
92
132
399
146
76
58
202
108
400
222
70
51
141
345
119
62
97
215
188
87
41
81
296
309
52
68
192
30
171
89
114
102
8
19
10
105
93
250
92
286
92
112
130
151
241
210
92
112
116
251
109
111
12
136
81
145
121
33
118
134
173
187
125
84
67
102
43
42
226
164
98
92
100
110
26
205
101
232
121
126
102
200
102
95
211
70
100
131
48
169
4
157
92
15
159
98
92
98
186
67
24
154
153
146
24
196
92
95
151
230
92
132
36
70
171
209
181
181
230
116
100
195
76
36
120
105
17
139
22
99
212
43
117
149
83
92
3
98
172
145
214
96
98
102
92
99
38
92
44
66
123
96
94
62
88
600
115
81
100
92
92
98
169
148
15
19
81
71
26
105
184
134
30
18
81
92
215
120
189
92
137
92
118
35
31
203
188
149
21
193
72
98
28
81
221
92
93
92
46
287
274
53
100
97
55
60
16
90
93
53
79
92
137
111
532
35
203
116
318
146
92
118
206
55
75
120
44
105
173
276
102
92
152
37
45
5
69
210
358
258
151
110
273
54
372
83
385
414
422
3099
50
667
108
84
54
174
287
228
465
293
76
59
255
100
61
119
12
140
166
35
1
217
30
101
185
52
191
493
162
1221
282
49
279
151
80
1348
129
394
33
291
297
306
297
134
67
89
298
82
122
22
226
612
486
333
76
99
291
90
406
88
311
96
280
298
297
396
100
41
414
364
177
78
294
411
299
509
123
330
301
461
96
28
127
71
119
298
416
144
224
46
2366
377
175
26
122
817
278
292
293
126
55
111
330
116
50
55
33
505
305
32
650
359
97
420
48
136
129
577
299
140
293
32
301
284
210
291
292
231
453
88
301
401
166
190
198
305
149
66
246
66
51
113
164
353
303
301
214
262
217
3
60
97
11
424
92
89
148
200
148
92
4
174
98
1050
16
115
293
45
17
27
283
122
116
294
139
305
284
208
146
43
110
142
128
167
288
21
65
117
90
24
953
117
311
146
7
117
354
55
305
306
123
55
42
95
227
130
24
301
298
393
301
92
226
244
403
298
469
301
472
447
317
301
227
305
188
39
247
189
37
48
299
210
301
25
401
316
303
44
14
72
49
282
283
293
1033
294
146
377
226
310
273
197
95
296
109
251
164
301
116
304
164
70
129
121
188
50
217
291
246
30
299
290
278
19
17
214
357
88
95
61
1
137
109
792
24
12
230
58
124
75
9
227
29
308
29
21
169
204
21
110
198
304
319
249
159
298
320
188
211
188
166
282
52
360
163
42
250
82
7
303
78
153
147
62
310
33
91
61
34
83
84
103
17
24
109
1
154
339
17
95
232
203
71
52
48
166
125
108
130
191
171
16
31
217
279
93
176
129
44
258
139
34
76
155
293
126
196
36
41
33
58
50
295
51
176
95
84
19
135
100
50
111
132
39
149
49
81
44
95
7
164
92
155
46
219
139
273
100
264
10
214
175
100
120
171
47
263
216
363
93
100
86
293
90
66
105
92
152
95
163
112
49
400
230
156
169
137
19
105
126
46
39
92
38
210
118
146
115
93
263
19
38
256
51
40
137
41
292
48
214
77
229
67
26
27
215
773
185
595
273
268
259
144
190
252
198
186
45
24
360
32
555
237
281
303
44
293
294
83
279
39
463
281
308
213
344
31
201
303
219
110
120
153
404
240
316
408
140
77
94
152
33
96
26
97
172
282
766
305
108
40
172
220
23
230
53
300
94
148
300
133
49
107
86
927
463
772
1670
15
308
92
58
742
60
308
261
302
458
87
29
363
16
60
173
157
27
154
407
207
34
274
198
271
423
370
75
91
109
73
187
67
15
297
50
354
49
66
174
297
32
164
39
80
460
27
106
122
109
88
427
40
143
40
40
99
61
318
46
284
47
408
678
12
152
25
280
295
240
45
226
476
361
173
374
149
155
55
171
48
139
175
147
180
196
145
411
13
133
3
427
175
139
105
35
92
217
79
2
236
176
279
15
137
262
26
377
125
383
75
300
56
124
165
212
40
146
1156
1127
27
51
79
46
263
61
50
241
160
86
254
65
17
254
3
79
138
215
72
25
285
230
60
114
270
226
106
182
76
45
25
154
211
293
92
120
73
145
88
92
275
158
167
58
10
56
123
32
87
125
224
76
79
110
16
220
55
154
108
92
75
149
430
1
77
52
27
23
108
6
101
168
134
69
128
211
14
201
90
94
92
168
28
56
32
127
94
169
100
200
20
288
131
82
11
83
236
202
177
93
223
56
190
54
92
111
114
205
144
137
38
42
92
92
126
77
120
3
94
143
16
83
201
144
186
105
96
108
133
23
107
215
53
88
93
57
67
52
101
89
47
49
148
140
94
207
57
32
92
92
19
16
24
202
92
47
119
157
92
42
108
50
77
38
21
72
18
60
200
92
146
69
85
85
25
128
103
236
144
97
135
135
372
98
212
113
77
126
27
81
94
216
128
181
130
98
140
165
108
92
108
19
166
81
148
160
177
116
181
200
92
9
106
34
64
77
27
60
92
150
240
27
216
196
125
43
54
195
104
92
96
150
12
189
96
40
11
85
100
88
92
77
400
146
162
52
181
100
534
64
103
23
124
14
170
91
104
92
94
140
181
114
28
217
112
58
135
172
192
137
102
21
69
215
53
91
110
102
172
77
92
190
183
193
92
15
106
123
110
100
92
210
142
132
117
49
45
137
76
122
184
281
132
108
92
192
174
186
19
122
92
112
153
227
213
109
93
158
97
54
110
92
141
216
12
252
1
160
144
108
168
138
125
165
175
143
28
115
129
92
67
28
114
181
155
99
98
178
73
18
118
161
134
172
204
324
1
110
24
85
21
2
95
59
160
37
20
92
102
121
70
13
92
182
93
92
92
171
99
38
359
126
49
41
54
277
27
94
100
119
40
97
101
55
113
31
44
3
262
16
243
50
457
180
140
49
93
57
76
176
81
32
157
67
133
236
176
43
233
209
179
118
118
86
160
68
130
37
5
65
41
162
11
92
39
119
157
100
5
88
34
106
39
64
245
6
109
5
75
178
80
27
47
83
74
106
117
297
436
398
92
20
294
169
93
186
16
232
109
125
92
95
71
170
288
241
43
136
38
293
106
85
104
130
145
87
126
189
187
15
90
99
14
118
88
56
169
99
58
28
113
27
29
126
267
164
210
92
323
92
267
222
260
181
88
52
164
66
288
77
99
106
148
55
176
138
254
7
29
125
118
16
57
99
93
77
122
77
128
218
50
187
81
88
146
122
135
205
146
55
106
292
23
119
89
211
133
145
196
132
207
13
28
52
38
275
95
62
150
157
96
88
11
68
104
14
185
206
38
80
37
130
19
132
120
45
95
92
94
170
40
115
234
84
94
249
123
176
29
52
25
46
217
126
211
31
25
21
97
112
168
93
65
33
51
4
45
208
22
18
43
73
26
96
8
168
13
100
116
114
100
195
79
109
158
130
3
96
134
33
12
114
232
197
92
239
3
27
64
10
56
219
189
242
237
35
195
4
6
176
92
93
110
247
182
123
182
156
15
153
2
92
92
100
70
27
167
100
154
298
97
35
11
92
163
293
243
222
260
216
95
22
68
34
22
26
288
298
147
160
43
31
92
222
257
120
1
100
92
80
84
7
97
31
43
48
1
134
11
99
188
29
141
112
31
179
175
9
162
82
15
27
24
107
208
9
193
54
132
147
191
13
100
16
53
150
148
41
1
37
110
92
68
106
95
96
120
178
112
7
111
87
73
4
181
1
147
26
282
26
207
295
174
66
101
192
41
157
92
100
31
147
208
18
29
46
147
50
100
242
116
114
65
95
77
107
69
92
99
163
14
98
60
21
18
98
159
93
45
104
266
98
102
10
155
145
223
22
143
11
152
18
101
153
75
128
109
57
10
111
124
37
68
42
160
49
99
65
36
106
261
10
109
76
116
58
108
86
170
228
39
71
116
25
16
126
269
466
400
1891
38
248
135
82
127
32
23
310
204
314
241
318
50
61
211
105
314
307
297
18
81
141
129
170
490
163
26
85
113
129
36
222
151
84
145
188
179
68
305
16
73
306
128
93
80
22
233
304
19
21
361
66
57
13
101
244
91
19
17
117
56
35
298
32
57
43
16
38
45
72
38
43
293
159
136
115
118
94
146
92
92
353
102
90
346
402
114
175
82
100
92
76
120
93
788
697
163
53
38
94
166
46
148
92
92
192
157
132
89
301
92
253
33
105
95
134
108
92
112
63
122
142
223
7
100
98
111
100
108
110
92
92
60
70
80
3
197
145
108
167
85
50
177
14
92
38
44
262
136
67
28
136
94
165
91
226
29
196
12
69
213
94
108
177
147
180
33
93
100
165
88
3
158
16
95
121
43
160
272
365
262
736
21
25
368
148
158
181
70
277
168
220
126
364
137
106
463
101
68
230
104
123
304
26
92
144
105
129
186
150
18
123
19
79
283
95
121
100
100
107
224
92
239
241
64
207
327
28
433
97
10
232
173
631
194
138
214
528
398
302
48
215
6
210
279
303
12
278
126
316
145
87
241
213
28
96
303
350
297
17
256
63
131
171
41
152
150
62
286
90
36
89
365
1212
287
261
141
115
126
22
144
677
409
60
227
319
189
65
206
64
122
114
306
135
311
41
105
301
635
124
287
444
381
308
332
156
426
58
326
269
162
230
217
248
299
306
17
58
300
242
116
65
208
296
285
44
167
321
147
287
308
157
170
109
179
188
284
135
31
448
96
191
206
47
12
321
22
222
164
31
122
189
133
56
35
142
284
43
47
47
433
163
337
51
308
343
53
190
62
101
145
214
97
169
2
106
77
20
11
111
96
213
30
70
106
170
60
29
103
130
107
228
51
34
104
122
156
122
100
92
8
53
85
250
71
126
92
141
297
220
21
455
134
309
71
216
280
164
57
201
106
195
295
424
168
86
299
210
25
305
77
277
39
75
72
24
73
107
157
129
39
291
42
295
298
414
38
167
316
279
298
42
263
228
303
127
178
2364
302
179
297
141
24
287
89
118
24
110
35
800
89
457
198
4278
454
594
27
34
162
123
260
12
287
687
299
185
180
88
202
242
103
359
207
301
22
24
125
136
301
40
313
91
129
190
32
155
218
289
265
325
417
46
197
290
271
52
253
248
44
155
314
63
61
188
215
17
277
28
42
225
339
39
224
253
33
207
204
442
80
284
92
356
94
301
63
26
222
118
228
249
287
558
61
296
287
10
127
87
12
296
146
180
25
66
314
240
260
92
50
118
224
341
187
128
297
89
42
69
47
100
36
198
211
189
131
51
432
781
630
344
430
249
240
18
74
1394
295
27
227
296
445
223
480
266
270
139
97
31
170
181
46
144
43
44
301
19
43
294
328
308
174
58
39
118
119
272
83
174
98
323
311
145
236
10
100
41
85
169
31
46
105
64
37
62
13
53
145
17
74
24
221
175
47
385
35
264
38
400
221
6
75
37
193
88
144
143
178
85
47
288
46
176
95
34
186
94
165
43
60
111
114
400
21
105
94
52
46
335
193
121
2
73
97
98
117
99
231
120
129
155
132
206
120
149
268
158
53
86
23
110
132
53
9
28
38
257
162
18
54
62
217
17
2
17
302
94
31
297
108
392
327
223
103
167
44
76
155
46
295
51
282
293
38
29
69
143
177
52
295
279
119
318
126
80
102
302
321
102
300
258
367
279
37
162
51
457
517
67
827
166
749
311
260
190
75
517
111
56
112
294
304
360
380
95
131
50
25
4
299
108
34
192
313
289
24
37
23
298
25
42
289
331
69
42
302
300
294
100
42
284
220
929
32
270
674
307
815
105
93
77
305
258
44
114
185
334
328
211
324
167
292
264
15
320
307
87
349
293
48
103
103
121
259
473
302
51
45
289
55
343
48
310
158
79
363
425
296
40
1605
208
282
170
112
38
53
79
294
300
37
322
306
67
100
309
19
87
107
110
200
251
109
18
35
21
168
56
243
322
209
118
468
400
520
274
381
392
39
660
301
173
218
256
295
13
30
81
327
300
146
290
36
106
313
290
66
299
297
326
77
177
192
160
231
297
132
250
86
342
273
76
121
285
115
168
224
227
78
230
21
179
146
188
257
34
296
79
284
250
296
50
122
187
96
210
197
261
92
10
81
92
294
250
214
91
280
100
284
49
129
36
84
41
207
100
110
195
100
33
7
70
52
26
293
281
88
198
309
26
309
298
297
290
423
187
65
87
28
236
118
38
217
26
35
298
306
170
290
169
345
129
313
372
109
281
298
210
61
168
49
22
306
133
301
47
316
104
294
150
167
306
11
298
301
111
83
17
145
132
313
60
70
97
394
302
95
323
302
278
81
163
263
15
305
23
88
297
301
181
294
293
291
155
291
92
173
114
53
309
29
22
122
313
77
85
150
38
310
120
257
180
290
332
314
250
793
301
319
298
286
149
304
269
176
247
295
300
360
288
244
300
316
309
293
113
35
84
154
314
239
298
43
137
300
306
293
176
100
124
285
128
177
162
297
495
100
251
290
168
586
147
25
303
43
296
195
306
268
307
47
144
493
124
149
300
32
99
280
124
288
266
287
296
136
271
261
239
62
66
165
22
96
206
92
119
116
177
113
29
117
214
15
12
43
268
29
107
82
51
138
15
123
3
16
152
301
308
149
38
164
325
133
294
22
294
161
278
162
36
296
287
296
980
322
166
42
174
298
171
164
78
294
106
24
50
53
78
293
290
162
54
125
304
304
75
322
311
301
299
236
302
291
89
205
31
210
46
18
276
241
296
296
30
292
33
79
38
307
301
31
25
19
290
51
269
290
55
22
74
299
200
497
497
301
181
294
295
91
240
142
47
49
186
316
188
290
234
28
444
165
47
302
114
73
286
94
294
39
35
222
291
97
296
296
30
369
243
186
138
226
306
92
31
297
60
46
79
289
77
182
179
66
309
13
82
297
167
181
184
303
309
117
298
209
297
53
65
296
302
53
121
297
140
109
81
114
242
114
293
167
756
130
166
129
159
150
141
18
293
16
298
111
236
305
232
140
145
58
78
280
579
299
115
287
300
309
291
302
261
304
290
454
304
128
573
122
97
188
276
33
301
144
290
91
131
306
150
27
305
41
294
307
117
289
34
323
242
304
372
292
58
304
12
296
532
225
303
680
35
318
296
475
123
292
163
164
24
60
28
306
27
319
248
170
232
151
76
126
42
155
145
130
72
63
281
18
73
124
283
167
167
123
141
195
130
97
117
209
80
56
8
107
4
84
38
192
183
92
96
133
99
218
59
214
41
31
125
39
61
317
137
106
149
92
231
40
291
110
79
311
40
100
133
58
248
35
154
102
95
167
250
273
137
98
159
141
635
262
12
296
48
214
129
155
45
121
50
96
251
148
119
292
18
101
108
1
63
132
43
100
76
82
190
87
115
181
89
114
25
111
167
227
25
97
92
102
112
45
43
133
149
1
9
201
92
234
17
134
38
156
120
234
179
154
106
3
255
81
9
56
52
95
173
22
91
27
88
124
94
131
46
157
167
160
263
134
123
192
2
108
61
52
117
26
71
288
295
121
112
185
70
288
257
310
238
293
253
323
288
157
285
297
194
100
27
227
185
277
192
164
5690
32
94
100
61
220
35
289
240
123
135
96
211
89
314
156
92
151
61
12
173
44
153
114
81
34
200
92
54
173
199
201
31
252
120
81
7
221
165
113
205
67
85
107
246
18
97
139
108
139
82
228
78
25
174
26
194
306
31
17
73
199
92
143
120
175
200
64
60
100
246
100
92
97
89
92
132
112
39
35
10
46
132
124
100
268
29
68
300
199
189
36
147
653
211
285
65
9
124
22
20
107
271
449
271
753
536
88
130
268
282
83
320
644
75
305
45
223
180
128
16
482
124
150
46
44
80
111
139
103
92
28
117
34
142
139
120
184
471
121
130
112
74
169
177
41
148
180
104
120
221
301
310
25
306
1712
306
921
245
289
1041
428
39
201
566
149
307
105
586
229
71
53
184
90
65
494
139
92
17
309
310
300
160
223
82
111
177
42
218
82
215
15
169
27
63
123
48
32
143
41
76
186
101
92
466
24
103
38
34
38
101
96
175
44
4
120
126
120
57
74
144
112
16
62
406
22
10
168
92
141
200
134
200
33
366
179
97
212
61
21
39
287
7
168
338
35
25
6
3
35
65
15
69
132
23
125
143
21
356
406
121
302
260
71
138
172
196
121
80
327
11
113
308
31
101
314
211
47
105
138
313
95
167
35
107
150
291
140
203
46
112
256
53
45
104
95
157
59
176
47
85
44
92
252
128
107
227
150
118
9
111
26
155
107
338
261
45
52
301
93
20
73
139
480
195
81
29
306
71
20
105
71
28
26
211
83
214
100
293
162
39
170
100
42
52
90
172
101
150
75
284
38
19
24
92
233
52
251
33
41
134
196
119
56
90
199
414
360
292
241
35
53
256
125
52
117
308
413
32
88
47
280
82
13
235
23
28
122
75
140
164
82
141
110
85
151
131
86
462
38
79
24
75
119
4
80
456
255
321
196
18
298
263
114
112
407
51
16
376
141
32
4
15
88
29
188
162
164
107
197
45
67
284
68
134
129
45
1540
366
320
37
127
297
606
57
90
94
32
104
212
168
23
167
25
295
533
265
104
68
271
27
7
182
115
107
22
427
286
27
29
295
51
310
266
55
195
74
40
859
304
67
292
28
37
78
82
107
291
44
338
130
151
20
72
6
50
33
74
34
34
34
164
275
303
47
163
67
229
53
24
210
329
81
30
153
203
157
176
175
290
38
37
75
287
137
90
311
3
46
317
316
65
1497
66
25
208
12
87
309
29
123
44
32
87
96
128
98
109
94
404
293
126
302
442
160
170
22
154
123
291
34
242
29
23
110
127
152
63
145
28
297
203
22
306
56
199
83
356
171
33
19
87
418
183
112
17
415
24
20
65
207
45
305
295
202
24
102
34
92
76
31
59
25
61
188
275
102
268
131
77
29
152
179
92
36
43
152
121
60
211
62
57
15
157
107
85
39
196
138
100
92
175
66
210
193
131
9
238
84
20
107
40
100
53
67
74
46
247
7
126
92
176
160
10
177
108
143
112
109
126
135
149
17
143
256
158
100
104
105
175
335
98
95
94
85
89
96
92
92
141
312
37
108
92
223
118
138
176
246
9
82
134
141
103
253
200
121
87
97
95
86
97
61
2
87
103
9
92
100
30
48
92
89
143
156
46
64
104
53
236
314
78
335
11
559
310
58
293
201
330
310
147
132
292
64
141
166
155
205
297
84
312
123
201
298
80
67
73
310
70
450
763
440
657
514
302
59
130
7
71
204
200
38
95
92
131
79
219
80
139
100
170
88
61
124
136
13
129
95
95
200
33
193
29
16
197
100
44
486
71
258
51
91
287
129
201
119
54
174
290
139
279
123
203
74
7
288
15
397
192
79
15
78
46
44
100
150
61
137
35
193
272
28
49
214
46
1
134
297
20
191
233
113
294
104
5
106
87
89
259
34
291
150
162
20
1
157
67
124
31
98
102
34
29
115
37
185
154
284
157
17
105
46
89
129
71
46
90
4
275
16
121
126
100
92
186
118
90
256
236
166
232
30
59
37
170
175
98
8
134
28
163
146
116
57
218
73
307
124
223
222
292
293
170
149
113
190
161
279
6
169
224
105
298
129
297
296
14
7
128
183
74
17
347
26
65
223
66
92
301
562
90
294
33
143
187
200
103
302
53
280
57
204
50
285
313
206
79
213
436
11
53
41
89
300
142
204
100
318
101
308
200
40
238
67
2
102
129
187
69
4
57
190
134
34
279
122
280
69
93
46
231
80
201
25
210
258
92
44
13
171
37
92
216
240
132
164
5
50
341
183
47
90
206
107
24
98
115
189
137
96
36
49
151
96
24
72
68
186
144
101
149
108
109
139
31
134
14
201
71
293
236
76
96
2
66
117
72
103
297
129
300
148
124
214
275
292
12
296
120
128
29
298
37
26
11
256
422
300
22
104
297
58
215
81
116
291
310
508
24
199
185
125
67
285
292
330
299
392
315
159
130
301
304
301
304
43
76
66
56
253
290
10
33
39
123
296
327
313
314
309
316
303
299
307
61
88
142
45
170
305
135
142
309
87
116
302
204
48
331
309
308
40
73
17
293
244
130
194
199
307
325
258
515
224
129
168
81
303
45
35
94
317
201
211
288
1066
183
630
64
200
59
46
65
12
92
119
93
313
122
302
120
259
120
264
301
284
24
287
117
67
291
285
115
94
30
47
298
57
74
297
354
291
385
576
295
270
130
40
328
56
75
364
310
285
292
289
101
205
249
289
180
173
125
281
259
308
316
93
282
26
54
2
311
51
60
67
500
20
73
96
223
46
300
141
119
41
220
50
259
178
119
286
76
164
46
106
156
29
1316
51
306
166
308
133
299
301
92
295
27
282
175
303
280
313
298
61
292
300
288
290
144
29
168
308
301
15
34
281
26
284
317
305
432
288
215
163
297
196
296
288
132
36
142
21
305
406
248
193
299
303
291
86
307
119
306
80
194
164
86
300
136
164
293
308
68
1
48
35
108
24
36
134
295
61
402
171
292
289
202
141
49
39
25
72
3
90
115
74
34
38
117
27
113
79
192
16
233
182
197
10
96
103
158
92
63
96
26
123
12
20
45
99
10
125
32
120
100
190
201
96
92
123
25
189
208
7
145
172
294
340
69
121
289
375
115
184
73
57
87
77
210
37
137
29
283
51
244
16
36
114
59
103
192
464
57
362
29
301
48
89
200
162
3
86
211
83
365
232
98
38
25
128
92
217
39
144
128
99
181
2
88
90
225
144
28
166
4
82
312
15
57
55
103
241
49
314
63
187
92
100
11
144
59
117
100
139
143
94
95
133
16
143
76
28
186
58
181
95
647
30
55
52
73
37
100
223
240
70
212
7
139
57
44
38
52
92
45
101
115
115
219
99
5
93
283
99
3
269
159
36
138
216
182
75
92
432
13
134
62
31
602
826
173
198
144
204
135
147
27
149
157
297
120
83
305
215
299
155
51
135
61
223
382
468
779
212
74
16
159
265
371
273
58
141
71
291
48
88
6
86
8
163
65
379
114
28
295
92
257
285
184
288
72
255
17
299
204
96
239
23
23
58
160
38
176
90
29
7
46
26
68
277
9
177
60
35
308
87
293
53
45
30
162
293
560
254
244
146
47
54
284
178
20
167
134
7
283
221
91
113
33
295
373
72
291
43
497
189
69
304
40
290
470
44
81
216
162
170
70
166
203
150
2
72
225
29
286
226
109
310
39
39
24
8
29
291
326
175
47
5
110
946
74
158
109
216
114
138
7
317
24
12
36
22
86
30
167
297
117
134
155
155
20
76
96
308
179
266
144
3
97
38
71
124
27
34
105
97
138
106
153
213
120
47
172
120
179
100
101
20
101
75
287
159
46
148
29
168
100
77
14
32
37
41
116
179
137
111
107
185
20
190
17
97
47
29
48
121
48
317
88
12
52
56
86
222
165
113
573
70
236
43
146
534
193
1152
29
68
94
158
41
54
358
91
27
22
74
77
15
184
21
213
245
187
43
63
316
273
193
32
315
191
196
83
310
133
67
283
26
134
199
217
378
130
303
190
283
214
790
34
44
70
156
139
73
292
174
54
581
308
152
155
361
176
1075
305
246
247
218
296
124
346
92
623
292
539
195
65
177
31
400
127
111
48
49
47
52
303
306
266
149
28
47
165
202
309
156
90
127
266
182
90
299
325
103
120
198
825
285
130
59
43
31
43
289
32
2481
235
89
228
285
2465
242
323
392
163
89
283
84
36
292
35
155
64
330
22
42
129
297
43
93
308
36
145
64
66
297
160
169
141
417
6
278
50
353
241
287
38
296
45
121
49
208
43
95
482
193
303
508
163
266
419
178
228
76
166
284
64
132
312
314
100
287
180
211
218
435
99
874
308
309
250
69
119
33
505
363
97
456
244
57
286
147
210
296
281
72
312
309
25
510
89
309
217
42
311
300
325
21
46
297
294
38
60
107
34
14
141
92
112
83
24
74
147
67
66
286
140
1202
262
287
99
143
282
208
290
274
33
136
165
146
236
55
166
286
135
28
126
76
39
230
132
291
294
309
40
286
430
241
205
74
431
237
930
280
189
167
113
72
12
218
226
87
359
55
77
218
201
150
150
118
159
229
108
199
294
96
26
75
92
39
162
294
416
95
343
111
43
254
43
155
97
152
5
656
30
133
42
215
261
132
5
126
109
8
83
149
89
38
7
177
100
92
148
188
35
90
198
49
359
166
143
65
31
61
81
82
34
48
57
131
94
13
288
239
268
284
248
214
298
92
170
113
78
30
3
180
36
488
39
201
81
268
79
61
623
70
281
40
231
56
222
23
172
165
263
295
167
94
126
83
44
311
392
446
59
331
36
106
42
18
290
141
139
121
67
24
163
51
119
18
484
299
299
54
181
528
311
393
195
36
55
17
129
279
84
40
143
162
309
277
21
286
60
307
730
140
72
121
140
43
125
993
305
173
300
355
215
83
378
138
75
110
305
163
27
141
158
68
137
1866
289
296
88
304
2155
135
99
278
32
159
390
289
167
152
142
142
129
200
163
79
62
181
119
305
408
504
49
50
100
360
35
219
143
174
40
19
49
188
237
35
101
303
448
18
99
216
23
46
153
284
38
26
29
47
75
132
42
298
90
279
79
209
32
58
34
288
386
87
107
291
978
401
286
111
181
81
159
195
162
34
64
60
318
150
31
306
136
1059
32
281
240
300
86
106
90
101
78
256
189
286
293
127
49
147
264
168
202
34
763
1029
405
283
104
999
300
614
1258
244
435
179
157
773
283
281
313
413
256
96
206
95
119
387
613
34
29
259
147
296
190
292
83
111
89
22
159
124
277
483
132
507
292
79
361
37
260
26
183
34
328
72
19
176
107
16
28
109
122
200
166
2
28
30
141
46
32
17
86
107
278
67
100
67
24
146
104
49
147
56
255
82
210
68
167
220
105
126
92
251
1
135
138
27
27
229
172
96
261
115
234
4
93
59
28
66
115
100
1437
71
4
172
55
129
106
112
130
148
129
105
78
13
141
1
132
165
56
100
179
165
271
47
47
93
49
57
99
55
70
37
286
110
204
61
132
92
19
100
88
55
25
92
132
13
81
103
220
162
136
73
206
87
73
51
217
329
203
208
173
182
324
169
280
74
83
92
162
12
44
15
202
149
30
52
92
87
61
68
10
7
160
42
49
180
217
207
226
25
92
92
47
251
124
142
92
131
170
162
222
92
133
113
98
195
97
121
100
131
120
137
213
85
87
278
159
55
132
189
92
99
98
126
110
92
40
98
217
30
13
27
166
148
8
32
76
283
101
67
111
299
133
43
85
389
30
227
63
76
128
190
127
193
92
185
17
79
92
128
64
150
37
34
133
152
90
81
137
92
92
255
6
95
4
97
242
1
98
158
106
136
9
148
92
169
124
291
108
92
104
94
48
110
31
100
30
20
57
84
261
32
98
124
81
188
186
61
95
213
250
175
202
423
463
438
290
132
103
694
84
176
159
89
109
115
414
48
91
637
32
61
134
89
36
246
103
184
284
288
323
130
248
270
97
204
152
151
310
23
294
305
285
297
32
644
73
272
501
19
66
452
137
73
24
389
299
299
60
73
221
73
311
298
102
25
36
614
34
299
41
30
275
424
943
300
342
270
342
295
119
609
269
93
512
303
115
303
201
72
18
887
576
169
252
200
48
315
38
1393
381
302
200
39
288
183
23
40
161
142
311
788
288
189
215
19
99
341
681
121
41
619
281
162
337
303
162
35
293
600
247
302
127
146
216
598
277
289
137
350
293
302
555
196
283
191
195
66
1042
18
308
502
302
195
82
106
264
241
312
57
121
54
292
311
253
18
80
88
220
302
254
46
41
285
197
303
28
279
279
23
114
261
311
137
130
330
48
92
44
300
305
279
475
655
225
27
32
300
77
292
39
500
449
523
109
416
122
595
299
107
300
276
417
67
102
95
115
549
289
295
310
123
217
423
322
263
150
313
228
278
95
61
266
14
527
237
304
185
303
285
172
302
263
307
97
295
327
300
81
136
299
164
295
296
92
119
307
145
137
298
250
131
222
107
145
153
286
60
33
65
41
21
24
127
180
92
82
8
217
51
168
171
246
298
280
283
210
550
302
79
42
60
30
257
76
52
36
161
113
100
203
100
92
50
146
131
159
37
48
229
200
119
84
19
476
107
304
298
357
308
74
294
144
278
170
291
135
123
303
108
18
57
302
136
50
101
469
279
165
236
31
270
301
141
309
31
298
295
31
90
281
47
379
123
347
235
217
142
41
21
146
65
39
64
178
70
125
133
143
136
170
140
107
195
126
61
48
92
178
140
197
80
97
157
162
134
110
106
303
150
100
152
47
101
102
184
46
74
59
193
21
250
125
57
127
7
140
60
92
173
127
92
93
147
80
162
74
28
1
28
92
152
360
109
120
164
15
95
152
92
6
144
48
87
111
126
21
198
92
92
135
101
224
98
15
66
9
178
61
77
6
190
99
12
6
43
112
17
92
36
8
67
18
109
138
127
63
92
105
73
116
107
95
110
224
97
71
93
92
28
152
60
135
98
9
145
83
19
125
4
29
62
134
146
71
168
16
90
98
122
92
158
48
110
128
96
105
27
133
193
21
24
3352
92
73
32
157
2
224
193
98
108
95
140
97
117
248
167
397
127
126
8
120
11
57
213
61
159
139
93
22
78
46
138
114
26
162
188
13
78
65
49
167
127
116
134
45
101
93
62
94
131
196
96
100
58
238
19
50
10
92
96
137
92
213
149
27
68
136
130
79
14
122
161
22
102
51
92
13
182
119
123
153
55
116
33
16
65
39
23
238
196
108
172
45
92
27
135
92
134
16
67
194
137
236
393
178
186
57
92
185
148
206
92
157
153
142
18
84
55
62
30
296
31
66
207
113
42
99
185
258
34
92
235
95
85
92
58
150
139
133
83
55
63
187
3
121
182
210
207
92
120
51
83
100
92
100
94
102
70
111
202
92
187
152
92
7
243
80
50
144
140
92
210
129
152
75
174
35
70
74
86
92
92
137
55
92
122
92
99
94
17
143
71
92
210
30
120
64
127
100
86
125
5
141
800
92
98
134
71
17
260
55
179
102
95
71
129
23
128
242
127
139
9
92
155
7
100
135
94
33
226
186
11
100
88
83
8
108
76
51
152
61
30
151
34
113
55
84
162
4
99
53
143
92
26
123
168
188
106
96
132
192
115
64
352
100
60
34
121
36
100
148
97
112
126
62
45
92
104
110
107
44
176
92
147
74
316
168
115
23
15
98
39
18
111
26
51
1
20
43
290
377
447
92
312
36
306
83
267
117
303
382
133
24
216
355
374
220
60
196
1204
217
288
45
298
291
24
20
309
471
13
337
1216
278
22
64
45
130
197
174
135
127
291
60
72
300
200
302
165
40
47
245
70
478
40
364
98
51
251
348
310
283
98
272
272
28
16
359
183
434
233
92
11
820
135
41
175
196
59
86
25
32
80
309
76
337
93
235
126
154
126
187
481
171
115
1007
357
369
287
54
404
133
285
46
456
146
230
145
238
196
164
129
53
384
314
295
54
315
302
48
711
628
291
109
34
366
106
989
95
304
68
392
57
283
40
15
351
307
143
36
321
203
293
84
139
365
39
159
162
304
98
92
899
100
82
30
115
151
125
101
100
253
95
29
33
218
170
137
17
37
92
180
100
214
600
199
68
138
78
103
45
90
92
125
115
42
46
135
92
201
67
138
118
375
299
75
131
608
354
305
47
67
299
217
964
114
302
115
31
158
290
53
76
67
358
137
294
208
99
53
143
193
284
158
52
100
170
83
76
43
219
452
183
300
958
234
299
223
301
295
38
322
120
30
32
286
39
86
157
168
275
75
300
99
304
55
389
58
80
47
184
318
50
424
310
48
268
300
186
169
293
107
86
372
218
149
50
252
423
195
157
149
61
36
210
151
61
23
51
31
85
41
44
6
54
34
77
35
80
18
267
313
477
98
359
303
347
78
24
42
34
214
204
140
55
38
221
101
133
821
41
150
627
242
23
306
307
467
133
115
49
117
555
510
299
312
308
267
35
299
8
27
10
55
450
41
32
99
545
18
83
39
81
114
162
30
41
192
144
191
729
212
307
287
213
613
357
304
150
111
224
216
55
312
49
434
286
106
328
93
250
59
34
155
208
212
114
24
32
200
92
99
306
111
80
12
106
65
110
107
31
89
156
357
1595
358
132
65
310
134
170
302
231
92
566
158
251
144
93
85
310
210
24
88
63
199
58
30
309
134
191
33
106
122
253
57
22
289
79
189
235
91
22
64
37
412
71
341
31
124
47
21
199
200
95
100
72
151
136
127
3
162
245
519
45
52
118
100
147
54
37
98
115
9
29
275
80
95
45
151
104
5
91
79
128
35
26
63
16
101
153
58
125
100
116
133
33
73
136
72
181
6
52
15
146
31
181
135
1462
171
165
32
111
283
22
155
25
45
13
63
166
28
9
103
198
73
51
254
147
80
28
301
16
274
100
268
23
183
508
29
117
8
70
219
183
20
53
18
62
65
80
141
4
181
194
263
219
109
221
77
32
5
131
80
246
67
42
137
32
123
529
244
178
133
11
30
53
100
16
73
23
174
261
67
35
497
144
33
646
34
426
809
76
16
81
285
52
370
39
20
149
418
423
212
94
416
340
301
63
88
85
178
853
279
1496
191
38
184
194
74
200
196
59
136
171
316
204
304
226
301
104
106
242
42
58
124
290
208
691
44
377
215
176
98
280
625
216
152
456
115
234
138
52
29
96
103
147
120
432
111
47
93
92
97
146
53
20
166
117
130
92
92
57
121
19
102
191
50
259
6
77
69
221
51
271
115
81
18
84
317
51
165
58
567
21
116
311
264
36
88
213
236
158
33
287
208
106
80
273
143
74
149
227
100
622
217
78
276
431
31
66
290
287
79
993
535
64
25
137
280
121
370
229
188
153
102
295
204
169
150
304
248
390
296
163
27
152
178
40
595
288
507
129
90
270
54
309
103
304
225
129
225
109
301
300
299
65
375
107
296
313
298
67
41
1049
113
290
168
286
294
266
233
137
116
229
122
21
85
92
173
46
40
79
181
19
29
99
256
110
252
124
298
180
175
298
126
267
21
36
173
291
165
309
65
163
303
137
297
299
290
173
226
11
332
296
295
291
30
282
298
153
301
139
293
311
79
298
286
290
30
206
38
292
133
303
158
266
144
100
303
224
309
129
43
297
118
55
302
226
81
363
371
224
386
4
211
92
215
100
45
212
183
104
92
165
11
150
30
123
18
174
186
106
50
158
95
134
31
292
75
92
7
123
12
79
118
94
29
170
33
66
131
160
85
64
647
305
184
275
60
37
309
92
306
221
301
194
3
43
129
187
321
21
40
282
173
73
96
24
114
121
247
234
27
305
309
133
5
3
126
29
298
168
225
174
200
262
105
390
122
31
924
92
249
58
233
106
139
57
89
318
293
41
39
284
279
35
332
295
233
129
294
177
329
21
89
295
32
300
64
86
66
310
57
93
338
142
307
301
91
58
344
797
50
133
76
49
20
57
288
308
121
291
304
210
49
283
105
157
119
133
296
293
143
314
50
37
290
32
165
77
277
277
201
145
223
290
268
229
117
80
123
287
180
303
583
138
100
39
187
98
163
232
116
113
79
297
301
133
127
121
66
128
46
76
130
66
127
16
100
300
133
291
256
77
28
18
38
7
101
141
288
299
293
74
136
31
296
156
46
39
73
55
413
430
430
427
320
88
236
83
12
18
270
104
247
133
259
13
17
200
18
42
183
278
15
600
7
34
76
74
24
111
6
39
156
178
11
154
109
294
116
92
115
192
408
34
283
39
140
90
214
128
199
52
78
124
111
124
253
299
388
170
258
214
85
40
139
113
56
163
400
78
167
146
29
221
114
17
308
24
132
46
118
33
219
37
168
31
177
116
163
12
2
89
100
198
103
131
278
133
79
17
88
18
102
959
17
152
432
136
59
102
173
2
113
48
273
371
222
124
114
92
27
26
97
334
161
54
55
126
122
142
134
136
40
192
93
100
25
93
107
35
95
343
26
93
118
52
187
437
90
99
89
125
111
92
102
99
306
354
290
247
27
41
37
45
152
37
62
311
91
33
219
28
430
121
246
120
174
448
192
98
39
19
187
68
28
118
123
92
118
154
52
281
235
145
236
260
124
150
719
105
130
92
657
175
400
92
141
100
10
109
103
144
286
94
130
198
20
44
129
139
309
250
92
168
142
200
360
156
36
113
257
246
81
108
95
96
307
154
168
199
309
302
308
290
25
95
106
54
100
44
26
435
292
827
285
636
298
265
109
301
42
280
307
130
303
278
294
159
42
191
26
258
140
322
298
56
54
306
235
274
628
29
295
45
553
177
301
256
23
296
59
15
41
34
33
32
36
219
318
76
157
295
169
312
133
239
30
32
22
56
28
279
240
292
25
134
256
45
311
39
57
59
169
58
11
311
159
106
57
58
320
474
246
149
94
355
304
50
285
34
97
574
302
212
298
123
307
131
297
297
58
309
292
67
287
25
292
25
26
102
29
310
443
79
309
326
71
313
71
71
148
298
204
110
290
235
159
292
94
6
278
369
8
278
307
106
338
34
194
50
54
92
90
98
91
256
105
112
166
36
70
129
102
305
22
97
257
267
18
34
50
37
65
216
217
22
32
69
292
160
222
83
59
59
405
296
145
24
248
280
122
31
303
110
21
153
312
134
43
53
299
107
159
122
444
117
260
52
160
64
57
143
109
94
106
42
100
71
75
151
36
42
34
379
10
205
40
52
19
54
69
16
118
305
280
518
51
300
306
112
235
95
6
222
276
134
256
198
179
289
42
129
442
310
295
262
318
297
46
173
292
81
76
310
23
239
302
33
288
514
365
299
42
305
142
141
293
478
519
373
291
318
41
271
296
375
308
308
172
57
43
314
135
283
59
788
342
83
107
58
129
351
130
395
226
331
148
285
585
31
311
291
40
371
53
45
52
278
339
85
283
113
300
68
302
54
79
155
27
106
238
228
49
277
44
207
315
146
38
262
296
149
115
279
260
181
101
121
465
13
185
110
222
649
307
152
100
90
28
327
91
40
124
61
43
660
296
481
122
116
74
199
119
307
85
258
297
70
27
227
48
255
124
188
460
69
275
40
126
397
405
188
163
292
97
232
209
171
693
470
308
310
105
406
306
341
242
134
299
216
307
30
273
296
30
297
169
687
6
33
25
51
244
134
239
10
317
27
20
38
289
109
312
425
300
148
51
90
309
8
26
22
48
156
154
127
52
45
53
49
236
113
140
29
71
51
111
274
72
100
40
206
294
167
365
268
50
64
343
22
2
71
25
75
146
209
176
68
15
431
313
174
155
292
322
47
122
276
42
34
331
29
21
307
220
216
158
304
42
302
37
91
435
333
291
324
96
317
100
275
295
191
294
280
447
296
47
292
812
333
301
30
468
259
298
55
216
313
308
89
300
29
284
67
33
367
557
306
87
470
225
291
175
42
395
40
284
51
977
283
295
71
921
299
14
294
14
31
190
294
132
84
363
48
41
102
30
125
238
294
283
298
970
102
39
401
296
131
279
258
294
287
18
135
155
130
207
311
108
31
144
265
42
257
775
281
47
325
214
148
285
308
315
292
295
38
99
163
316
315
793
161
309
165
99
460
351
156
125
93
66
199
305
1091
136
123
35
113
896
310
781
305
464
169
313
140
34
27
52
94
289
44
307
528
301
370
181
23
32
317
152
31
298
297
58
271
252
304
197
132
42
298
35
116
339
96
51
63
410
56
62
39
346
27
117
341
20
182
33
122
59
88
468
310
107
78
76
102
147
62
119
129
17
268
24
190
292
74
57
60
38
189
92
100
85
53
196
117
141
72
94
25
197
280
37
120
307
222
271
132
29
286
110
183
298
302
300
29
295
18
302
130
192
443
125
146
176
278
298
292
111
60
56
12
32
55
47
62
81
328
99
225
306
714
148
80
166
14
112
57
62
114
6
77
37
62
35
57
134
21
307
115
226
209
131
200
62
70
92
124
94
58
31
66
40
72
47
76
20
100
46
156
35
73
122
79
301
227
37
224
43
277
232
57
31
34
55
152
307
203
165
98
51
131
42
191
30
109
124
262
269
489
109
159
64
150
157
54
263
22
287
13
127
260
30
234
86
8
78
40
220
106
64
322
279
70
297
66
171
296
92
54
56
35
19
386
133
159
61
54
68
88
54
175
58
39
26
446
208
22
77
283
18
77
87
140
195
122
144
186
167
61
138
53
92
47
454
72
35
120
268
244
116
166
40
41
5
41
37
41
41
18
11
41
39
62
92
92
473
291
136
505
107
31
10
142
28
18
116
25
14
175
80
25
39
64
107
142
225
109
96
130
56
83
147
108
60
227
600
113
92
218
313
581
86
156
134
165
326
93
63
187
35
100
18
118
31
145
95
199
92
51
92
92
1
400
105
44
160
100
191
124
64
66
92
35
31
113
97
24
18
418
83
133
48
76
349
54
115
236
397
94
494
125
298
296
182
81
334
366
77
361
310
112
149
172
1587
291
83
312
307
65
99
148
71
182
1335
358
148
239
305
152
302
64
307
195
238
154
533
308
57
179
281
58
142
45
39
161
31
74
96
155
55
260
225
293
46
38
94
98
46
286
457
323
364
154
65
97
91
63
107
89
133
33
20
80
97
70
12
109
193
100
118
162
6
101
299
293
31
300
43
302
82
18
306
245
113
286
119
50
54
5
286
291
35
28
78
299
120
307
532
61
66
124
341
231
229
62
129
40
11
136
78
224
41
94
167
289
299
61
106
145
579
105
596
70
82
53
129
90
97
716
88
118
49
237
30
38
303
214
39
37
70
109
70
41
52
310
134
102
220
386
92
98
61
288
40
59
114
333
179
338
224
328
80
95
165
301
164
115
29
286
1146
288
942
113
189
27
359
45
66
298
54
76
964
144
158
34
294
364
146
103
235
169
8
41
34
77
258
100
76
19
123
218
51
112
118
83
177
37
92
33
92
48
271
76
101
101
132
186
108
77
300
58
155
45
180
92
179
92
157
603
228
16
242
161
73
79
100
115
160
44
794
436
42
130
107
86
174
13
51
113
122
115
31
197
11
92
422
44
166
119
134
90
250
549
192
495
568
118
36
203
166
167
301
466
40
278
179
42
264
98
66
98
167
217
96
281
148
175
122
92
63
152
293
222
149
121
33
15
150
55
270
22
38
128
305
132
137
20
85
49
38
92
139
53
151
422
258
95
12
319
309
73
130
34
1795
133
5490
331
518
317
180
46
277
59
32
97
165
185
195
432
85
58
191
109
45
146
55
112
96
47
169
143
84
13
118
136
270
8
35
317
149
397
18
140
113
48
44
85
23
13
579
118
51
157
124
550
1546
244
173
309
213
1797
369
294
35
20
28
158
899
52
305
41
97
265
6
98
12
118
78
50
229
127
67
244
236
39
214
7
26
103
292
5
98
105
101
69
342
308
290
146
367
283
314
90
304
261
580
196
193
119
75
76
75
68
68
75
77
76
75
68
68
75
75
76
227
194
136
75
43
779
198
245
29
136
142
35
63
92
27
222
109
1013
31
51
98
166
226
168
399
265
116
100
218
87
232
54
178
119
92
124
92
154
177
100
199
15
100
59
333
112
27
222
206
123
79
143
51
95
100
59
93
9
220
92
259
106
48
76
54
65
117
36
114
158
170
6
142
94
94
168
183
92
242
3
193
185
100
46
100
240
92
197
259
92
100
183
109
8
59
27
133
113
45
951
249
38
171
300
27
260
294
33
229
80
47
121
33
138
198
80
54
43
40
1
92
28
66
25
238
190
181
196
34
41
25
200
46
114
47
113
3
21
37
56
187
33
4
11
397
29
92
355
40
181
158
51
217
115
56
11
228
310
95
92
143
164
185
400
117
92
98
210
190
155
401
4
98
101
543
297
228
42
189
215
87
128
118
100
194
23
56
98
92
19
151
170
16
174
36
24
279
295
449
71
287
304
430
305
134
225
1646
973
804
292
308
295
159
308
118
47
26
375
177
28
96
36
304
297
41
23
28
162
303
294
298
283
53
988
115
85
136
48
70
298
219
57
40
35
10
191
273
152
59
797
531
155
136
41
257
232
131
301
291
268
299
1630
167
450
33
111
131
35
151
131
278
129
707
292
80
86
56
172
484
23
286
290
151
286
85
530
49
40
51
307
138
302
50
107
164
24
301
142
295
160
150
33
164
278
307
306
54
311
141
308
225
139
302
307
345
295
299
154
160
220
309
280
408
307
169
313
296
309
193
224
290
17
226
53
24
261
42
149
19
47
130
22
132
244
90
41
42
21
200
741
47
70
70
70
70
70
70
70
70
70
70
70
70
70
70
70
70
70
70
70
70
70
70
70
70
70
53
35
73
94
293
294
28
200
92
123
314
32
300
22
22
341
209
107
28
37
273
308
190
200
68
255
261
298
300
120
70
68
282
314
302
105
22
186
169
288
124
66
349
139
299
45
189
281
26
171
311
282
20
302
502
244
106
57
317
60
223
164
295
146
124
3
216
35
142
347
21
293
93
81
146
90
164
29
24
293
307
173
151
297
296
299
44
161
253
296
138
366
289
305
155
233
296
139
53
304
281
87
515
289
306
293
289
420
169
308
133
438
167
366
246
222
284
34
134
251
171
297
16
85
45
300
1223
320
245
304
494
307
252
45
242
36
98
170
290
200
178
315
143
148
305
67
301
56
303
296
290
303
443
417
195
222
43
295
232
109
131
203
62
290
294
297
302
284
161
98
539
1105
353
313
368
309
48
88
126
291
18
45
299
71
199
123
22
306
388
302
391
305
40
309
39
313
28
274
288
291
1042
307
357
519
299
163
303
14
298
191
309
316
306
282
55
166
160
228
180
115
286
26
230
277
204
79
337
283
67
85
296
309
309
24
280
17
298
134
227
37
161
19
291
275
135
231
599
84
120
313
784
68
164
248
370
287
36
275
286
160
1842
129
741
162
571
129
201
363
172
36
76
33
154
38
284
293
333
26
224
830
302
368
299
40
201
149
299
155
415
313
291
136
292
288
170
267
112
326
109
214
52
338
20
151
68
274
24
312
332
294
253
326
291
358
111
596
72
305
180
410
70
129
428
58
38
236
324
303
24
90
265
161
517
827
333
65
37
137
127
667
149
275
213
90
532
1367
99
282
39
187
289
118
266
221
159
155
138
299
246
181
367
299
282
98
303
34
450
304
117
172
481
329
712
245
234
133
130
37
231
19
625
307
258
322
667
510
286
548
435
317
1006
307
1372
47
281
168
24
125
106
217
685
156
6
41
284
360
299
40
229
77
50
301
198
159
510
563
100
51
124
296
304
303
114
274
117
80
417
226
62
312
41
55
152
307
178
291
89
134
95
86
118
302
270
46
182
27
26
294
18
94
236
333
70
696
342
268
173
293
21
92
217
105
238
125
94
400
254
101
92
93
118
192
100
225
27
511
389
105
129
123
5
57
31
165
90
253
170
37
150
149
34
183
82
97
1
37
560
120
260
192
139
187
308
28
451
600
307
16
280
335
161
129
308
270
311
279
196
34
166
207
97
26
10
91
34
103
29
22
250
188
304
617
393
406
1380
171
108
140
182
43
25
67
119
59
103
93
52
498
95
