38
71
109
102
297
84
187
48
127
109
26
87
116
2
93
181
32
8
201
83
77
292
46
295
189
77
13
279
88
229
138
81
79
119
140
99
110
164
105
23
79
110
23
108
60
64
172
54
49
119
50
176
288
241
77
82
208
16
26
101
18
95
107
92
159
93
45
93
115
102
132
112
110
44
262
145
201
73
141
88
143
193
98
117
120
91
49
36
173
129
159
150
164
57
33
287
25
6
3
172
211
150
9
261
4
16
20
30
57
143
37
121
143
29
258
91
174
397
116
185
92
119
50
48
289
128
20
38
75
28
66
132
13
73
47
189
124
188
97
131
303
63
126
186
162
123
64
310
200
151
9
128
35
153
28
20
166
36
88
80
256
55
107
95
296
194
51
156
157
179
115
174
113
85
33
228
129
