98
58
154
868
382
356
80
110
244
188
44
54
267
200
111
140
158
41
79
240
154
51
353
102
123
53
6
90
198
145
93
306
59
17
171
309
109
129
76
167
52
192
200
338
208
39
187
259
234
62
120
249
97
187
190
35
1208
916
532
49
300
952
44
30
299
307
102
7
120
475
16
193
512
109
99
100
165
113
93
128
92
133
92
36
96
100
163
95
246
90
123
552
57
476
132
271
316
203
92
106
97
167
11
200
48
40
252
42
46
159
92
237
133
18
344
100
405
140
73
25
3
74
187
420
259
38
166
39
92
38
246
80
76
136
100
135
28
48
154
156
158
141
229
61
44
146
22
259
163
175
319
46
43
47
46
6
46
46
43
320
53
19
2
76
86
60
14
190
220
19
108
82
9
436
329
400
72
290
72
27
306
289
167
112
149
373
114
226
99
139
100
92
236
103
110
172
165
59
92
86
85
100
12
1
192
107
100
9
55
6
356
223
201
109
47
92
111
92
117
92
214
29
89
31
64
38
57
138
92
202
55
55
92
74
31
206
109
193
337
167
61
401
308
80
214
126
1210
468
402
49
93
273
350
129
33
6
78
359
10
198
409
141
377
400
100
100
563
40
201
323
86
99
137
225
151
92
108
100
132
207
59
252
216
247
3
591
541
222
62
74
237
129
210
135
431
531
396
309
189
92
193
488
66
76
258
146
191
195
92
54
2
49
270
108
44
96
102
96
189
111
304
255
104
78
162
301
149
51
108
92
383
111
101
28
23
169
195
101
295
125
97
59
127
193
358
152
181
97
108
200
100
42
132
117
95
92
156
100
25
373
87
55
200
146
156
110
154
100
1052
105
40
293
200
408
251
49
450
186
47
319
249
106
396
599
390
595
439
95
97
82
433
1689
354
383
364
89
109
220
369
277
222
209
117
207
96
25
81
12
93
107
60
137
92
95
76
188
120
31
92
193
113
99
39
75
52
228
283
114
215
118
144
10
74
120
106
183
101
177
161
127
95
134
92
82
92
3
195
116
92
173
93
86
92
128
78
131
99
203
244
198
125
99
101
108
151
123
121
127
128
170
100
157
178
159
92
103
220
100
95
96
103
93
9
192
197
364
54
217
219
392
329
1154
207
360
184
44
327
97
411
127
25
92
143
126
100
80
43
100
137
86
138
99
200
193
158
93
178
106
118
153
18
23
65
35
158
400
102
154
122
153
102
124
239
33
103
92
24
116
97
284
36
92
111
151
269
171
92
102
187
197
217
137
92
85
841
1
100
12
170
178
128
258
164
118
108
102
297
249
193
194
112
92
157
145
36
144
76
98
151
80
44
92
177
172
111
50
163
92
179
136
95
189
219
159
211
153
134
120
98
3
261
101
86
197
94
66
170
95
274
12
115
97
177
148
138
25
185
120
119
267
158
25
214
30
165
31
233
47
93
57
40
2
94
99
12
113
101
100
166
216
35
269
285
70
81
92
141
102
149
17
95
93
117
60
192
154
134
98
278
110
170
116
272
153
100
98
173
309
165
236
209
218
124
235
124
123
94
170
117
18
145
209
121
173
224
158
158
100
112
328
100
92
104
145
87
103
55
115
92
6
200
231
157
98
100
100
24
29
126
35
226
123
115
143
137
25
178
92
4
92
37
138
169
177
37
93
154
119
92
137
218
53
118
39
42
122
10
180
92
92
150
43
53
102
241
167
246
77
95
190
271
122
4
211
92
70
244
301
26
121
71
150
258
126
19
34
205
199
92
20
92
159
96
293
85
190
113
49
122
100
108
154
163
230
99
197
231
213
93
105
152
92
175
99
138
65
80
123
67
123
116
202
32
87
128
107
92
58
113
30
240
96
235
92
92
23
118
111
92
103
106
26
185
139
228
400
157
150
200
138
94
227
252
175
130
54
121
126
221
52
165
156
98
200
47
88
96
97
77
21
140
9
135
270
168
150
111
345
129
444
137
155
10
199
198
98
105
18
97
93
118
175
177
8
110
108
31
257
208
2
144
76
6
188
215
8
186
145
174
89
23
86
8
69
138
157
107
164
252
92
92
175
106
96
143
162
169
140
69
60
14
115
108
56
107
203
202
139
101
239
263
111
162
92
93
286
100
57
189
125
44
92
120
598
92
95
268
6
283
158
115
4
136
16
92
146
171
3
167
148
336
84
174
47
67
25
50
65
311
10
97
204
93
100
17
161
115
319
102
189
33
112
213
19
173
229
201
71
410
39
92
478
66
114
145
100
180
142
13
61
247
85
11
132
202
1
197
56
125
125
192
24
116
185
151
167
109
26
124
82
191
122
92
400
42
92
89
23
169
109
89
170
47
44
5
86
153
23
40
1
92
156
164
94
59
73
16
168
123
104
70
147
92
45
74
118
131
99
92
233
92
125
77
143
193
16
73
218
36
31
80
83
87
215
105
284
24
112
226
80
237
110
190
202
313
306
3
245
128
92
119
91
31
114
109
373
174
129
177
35
242
159
326
70
137
122
434
225
375
34
101
156
150
331
328
40
227
189
40
173
101
324
250
328
83
596
272
559
65
305
47
310
15
440
1560
367
92
44
307
158
108
218
282
437
62
103
38
168
485
201
475
109
81
345
1562
491
200
374
54
57
190
65
610
354
70
389
36
16
278
314
21
70
155
109
235
263
156
92
454
320
54
375
167
92
144
146
119
77
143
473
338
93
92
262
53
130
149
35
72
324
176
35
52
343
166
208
49
435
247
292
7
23
225
422
183
13
186
419
220
447
175
49
136
36
413
367
287
258
107
92
374
355
92
250
33
172
353
115
399
137
105
267
95
375
533
417
91
12
313
92
191
29
211
78
123
236
92
230
38
264
151
102
100
92
240
109
93
158
192
92
169
96
147
101
92
128
93
5
32
164
434
178
92
133
74
206
10
27
237
71
218
91
206
92
40
100
90
152
139
172
92
23
145
134
222
146
166
127
69
108
92
40
171
117
179
207
177
308
323
103
41
25
162
97
91
124
125
98
90
42
74
92
96
144
92
132
399
202
108
400
222
70
141
97
188
309
52
68
102
19
92
112
130
210
136
33
173
187
125
84
164
98
92
205
101
232
200
70
157
154
24
196
92
95
230
92
132
36
70
171
209
181
181
230
116
195
105
17
99
83
92
3
98
172
145
96
98
92
99
92
44
66
123
96
94
115
98
169
105
134
215
120
92
188
149
193
81
221
92
287
100
55
137
532
203
116
318
146
206
276
102
92
258
372
83
385
414
422
3099
465
493
297
67
46
377
817
330
33
149
66
66
148
200
1050
116
288
403
377
137
109
792
24
230
58
124
166
360
250
82
62
91
61
24
109
339
95
217
279
46
100
100
263
216
363
93
86
90
105
163
112
49
400
39
92
146
115
292
252
360
555
201
220
86
463
772
1670
742
458
363
173
154
407
207
198
271
423
370
75
91
67
15
354
174
164
460
106
427
99
295
240
175
427
35
92
217
176
279
15
137
377
125
383
300
263
61
50
241
160
86
254
65
138
211
145
167
56
123
32
87
125
224
76
220
75
149
430
108
168
14
201
90
168
56
127
94
169
100
200
20
131
202
223
144
92
143
16
201
94
32
92
16
92
92
72
200
92
85
25
236
144
97
135
372
212
181
130
140
108
9
77
27
240
27
196
104
12
11
85
88
146
52
181
100
170
104
94
140
181
172
92
183
92
123
117
49
122
108
92
192
174
186
227
213
109
216
252
125
28
99
161
134
324
92
93
92
171
99
38
359
126
277
97
101
55
113
31
44
3
262
16
243
457
180
133
236
43
179
178
80
297
436
398
92
20
15
88
323
138
7
23
145
150
157
206
31
25
33
13
239
3
189
35
123
182
70
27
84
188
141
112
37
181
114
104
10
75
57
99
106
261
10
39
490
146
92
92
353
114
175
53
92
89
33
92
38
196
94
108
3
158
16
121
365
262
736
21
368
148
463
101
123
19
79
283
239
241
64
327
28
97
10
214
398
145
87
350
365
426
217
51
343
122
8
53
85
250
126
297
216
424
168
86
414
800
457
198
4278
454
594
417
339
118
224
341
432
630
323
46
53
400
6
193
288
46
186
99
206
86
62
217
17
108
392
223
103
517
827
749
190
75
517
111
112
304
380
44
324
349
48
121
473
51
289
55
343
363
425
40
1605
208
19
107
110
200
251
322
209
231
250
96
261
92
294
214
129
100
7
423
65
87
28
70
394
95
360
495
206
92
107
162
78
106
53
78
454
18
283
123
141
56
248
102
95
132
76
123
121
240
173
92
7
205
67
139
108
139
78
25
194
175
132
111
139
112
566
229
71
17
300
160
223
82
111
177
42
218
82
169
63
123
101
466
44
112
168
92
141
200
212
61
338
356
105
107
150
140
47
252
128
107
227
26
338
93
20
73
139
480
71
214
162
39
100
172
251
41
196
414
292
256
28
456
255
321
18
263
407
376
1540
366
320
606
533
104
427
292
151
6
3
46
317
65
1497
66
25
208
418
36
9
238
107
247
176
135
149
95
94
92
141
312
118
138
176
200
92
46
64
141
450
200
38
131
61
95
200
33
193
197
486
287
259
34
67
98
115
71
347
301
436
200
238
102
24
49
68
101
29
37
11
422
22
104
116
291
508
67
330
392
73
56
180
125
500
220
178
164
61
402
289
39
25
3
90
10
123
125
120
190
340
184
73
86
232
98
38
11
144
143
186
647
70
7
139
57
44
602
826
149
157
215
155
382
468
779
212
74
371
295
257
23
160
38
29
7
221
470
44
216
162
203
2
326
946
30
76
308
179
20
14
17
97
121
317
88
139
174
176
202
156
825
392
330
353
121
482
435
456
146
430
201
294
416
95
343
111
43
656
42
132
359
239
3
180
36
488
268
79
61
311
392
446
36
290
484
17
378
289
408
504
401
1059
387
361
122
200
166
30
24
104
220
105
138
93
115
71
129
105
13
165
165
57
37
110
92
88
220
206
87
73
51
329
203
208
173
182
324
169
280
74
83
49
195
213
278
55
98
126
127
128
64
133
92
6
95
169
291
100
30
20
124
61
175
463
414
501
66
452
512
337
162
44
523
417
102
527
92
476
357
235
142
178
157
134
101
102
184
193
140
93
162
28
152
109
120
92
6
144
48
87
126
92
92
135
15
99
12
6
43
112
17
8
67
18
109
138
127
105
116
152
60
135
145
134
146
168
98
158
110
96
105
193
167
93
138
167
127
116
134
62
94
196
92
130
153
55
33
108
16
137
236
178
92
185
148
153
142
62
207
185
235
85
58
133
83
3
210
207
92
100
102
70
111
202
187
210
74
137
92
122
71
127
100
141
92
98
134
260
100
88
8
108
99
143
26
168
188
96
132
352
100
44
23
15
98
18
290
447
267
382
355
200
165
40
47
364
98
348
359
183
175
196
357
369
54
404
133
238
129
384
711
366
989
57
351
365
159
162
98
92
899
100
82
29
68
78
608
354
358
137
208
389
477
347
821
150
627
242
450
32
545
81
114
162
32
200
92
106
65
357
1595
358
158
191
22
64
412
341
47
199
136
45
52
275
80
95
125
181
146
155
73
51
274
23
221
77
80
67
137
32
529
244
174
261
67
426
809
423
416
194
200
138
52
120
6
69
271
229
153
390
163
225
375
1049
137
116
229
173
118
363
371
224
386
4
211
92
215
45
212
183
30
174
186
95
31
75
7
12
170
247
234
174
200
122
31
924
92
249
66
80
123
180
303
583
39
187
133
46
76
413
430
430
427
88
236
12
104
133
259
13
17
200
18
42
183
278
15
600
7
34
76
74
6
39
11
294
192
408
39
140
90
128
170
258
85
163
400
167
132
2
198
103
278
959
432
173
2
273
371
114
334
93
343
118
52
187
437
90
89
111
430
246
120
174
187
236
260
10
94
360
36
257
246
553
59
76
256
45
106
320
474
94
355
67
292
443
79
326
71
110
369
338
98
256
69
160
222
405
145
280
122
312
34
379
373
41
311
40
279
260
465
110
222
649
152
100
199
255
460
69
126
209
171
239
167
146
276
331
435
333
100
468
775
271
304
197
42
63
346
341
107
78
76
102
268
190
92
117
141
197
99
225
714
14
112
62
226
73
122
79
227
203
165
98
51
131
191
30
109
269
489
159
64
78
322
279
70
66
296
92
54
19
446
61
53
92
454
473
291
175
83
600
92
313
581
86
95
199
105
160
64
66
31
76
349
54
494
361
1335
358
238
533
57
74
155
20
97
70
118
162
245
113
124
341
231
229
62
167
579
134
102
386
224
328
80
364
83
794
436
115
422
166
119
192
495
568
118
179
281
15
422
258
95
319
518
97
165
185
432
191
169
173
213
265
6
78
39
103
98
69
342
367
35
98
399
265
116
87
232
54
178
333
143
93
6
240
198
43
40
1
28
66
25
238
190
181
3
4
355
11
185
117
92
98
210
401
101
543
215
71
304
988
70
298
219
10
152
797
484
85
132
90
41
42
21
741
47
70
70
70
70
70
70
70
70
70
70
70
70
70
70
70
70
70
70
70
70
70
70
70
70
70
53
68
70
66
349
45
60
35
142
146
90
438
366
242
170
62
388
277
599
84
313
784
164
248
370
36
275
160
1842
741
571
129
363
172
333
291
326
358
137
149
213
450
548
435
1006
1372
47
106
217
685
156
563
114
274
417
268
92
192
100
511
389
105
57
90
253
37
150
149
34
183
279
406
