92
209
159
104
23
92
133
92
128
40
34
61
18
19
34
47
33
14
36
61
12
42
32
73
12
32
30
20
26
67
114
35
28
12
30
47
112
25
23
28
25
22
34
31
37
73
26
21
18
20
40
40
34
42
3
18
48
7
19
13
21
39
11
55
6
8
15
425
75
15
44
21
184
20
50
10
45
26
21
36
81
39
67
33
53
26
23
46
1
21
43
30
28
33
35
7
121
4
34
23
32
700
3
67
66
30
88
31
44
30
11
19
23
62
25
35
31
66
21
417
33
32
60
312
66
31
36
77
28
23
46
78
47
47
54
44
62
42
313
31
9
48
35
33
4
56
37
42
485
26
59
45
53
758
63
22
11
49
24
31
82
32
22
36
155
64
66
3
37
34
431
25
7
35
45
43
13
29
45
43
6
42
129
82
