72
92
14
76
209
106
139
168
228
285
199
182
159
104
92
84
23
92
79
30
92
133
92
21
93
123
321
237
55
134
162
122
128
50
40
46
14
33
34
6
63
421
778
61
49
475
283
18
180
259
131
103
62
135
113
388
140
267
222
466
132
90
155
191
92
307
79
19
34
74
47
294
33
303
263
468
525
277
58
241
152
125
9
44
55
144
97
100
140
197
397
14
235
249
105
36
61
95
135
76
15
12
154
82
97
11
104
58
24
27
42
44
113
128
32
169
169
86
73
329
324
124
278
464
92
145
600
46
12
541
32
30
11
112
158
235
35
10
26
62
144
76
542
430
88
14
88
250
40
57
68
167
87
145
92
143
62
229
436
82
141
53
186
20
209
176
94
116
31
73
24
313
457
114
51
124
26
215
161
4
135
67
107
296
28
58
123
69
6
400
634
218
257
2
146
41
49
184
136
114
140
303
109
35
67
28
12
231
30
129
164
404
222
141
434
219
313
16
137
855
122
47
202
112
26
110
51
29
17
92
123
116
205
423
239
42
20
32
215
171
90
290
323
256
134
77
25
42
22
74
47
88
111
64
180
88
116
164
111
241
25
182
23
507
6
148
75
106
113
200
28
33
317
74
135
143
35
115
72
160
43
191
221
68
206
166
102
146
25
119
255
304
29
7
133
14
14
71
167
164
292
517
186
285
428
93
22
205
796
113
9
165
71
192
75
69
35
44
107
95
100
31
511
250
78
318
61
36
16
278
136
1
78
34
4
218
22
127
31
6
148
251
113
245
143
60
131
71
106
37
80
207
54
359
87
26
136
73
1
31
162
198
26
13
3
21
283
18
182
19
66
70
20
95
92
57
100
110
206
127
294
16
368
280
121
78
126
208
107
40
299
41
106
49
40
39
34
165
42
75
3
41
233
136
18
81
48
101
84
30
268
27
92
17
106
606
61
173
263
24
103
35
79
346
170
41
85
67
80
7
188
331
92
712
65
314
106
50
491
10
19
136
133
230
75
82
366
303
182
320
319
13
180
35
21
16
168
39
117
330
158
33
64
8
274
302
125
90
271
163
140
301
21
118
11
55
50
72
32
203
53
76
115
111
483
198
33
100
256
210
45
150
264
47
93
41
94
174
179
407
106
226
6
8
15
425
75
188
120
82
277
213
299
82
602
112
219
127
123
412
77
72
239
158
81
5
124
174
116
191
15
118
44
21
432
92
97
25
184
6
94
71
353
63
122
128
130
13
197
267
226
65
378
75
620
176
102
63
134
119
72
74
246
17
7
109
111
77
2
504
212
133
53
23
50
184
20
123
222
50
386
10
172
45
325
29
129
25
153
223
118
74
320
39
32
231
153
123
209
52
175
46
105
35
165
157
15
197
217
36
26
172
168
47
2
173
132
103
84
159
70
70
119
56
21
74
147
8
73
256
74
238
421
174
302
290
236
19
107
91
172
118
240
54
29
248
205
249
280
36
39
36
29
172
83
93
65
15
117
147
141
68
45
77
16
78
147
299
201
81
77
486
67
241
67
423
23
39
67
101
384
298
84
309
161
229
132
25
66
118
162
363
33
41
53
307
198
92
306
172
58
35
25
20
304
476
307
161
194
41
26
121
253
71
122
54
77
38
120
92
58
23
164
13
112
88
6
380
46
359
1
184
62
197
195
8
293
147
155
83
53
158
122
324
92
87
41
55
21
208
414
198
297
140
367
807
65
38
137
78
46
120
74
18
43
38
131
100
1
4
86
327
133
347
130
270
41
104
217
111
30
137
189
384
80
84
28
121
33
103
66
231
95
96
166
390
6
114
228
120
11
210
77
3
49
104
108
59
35
117
141
398
7
327
95
80
2
171
43
264
319
150
16
39
121
4
73
149
137
49
111
591
304
307
138
28
373
327
31
34
201
165
300
23
32
119
203
225
700
224
79
78
188
90
145
136
36
17
369
16
29
203
332
3
32
131
3
198
84
67
167
66
30
155
95
59
88
31
44
156
96
71
185
189
210
42
142
299
30
258
11
295
19
23
62
95
212
6
152
25
139
181
307
309
128
478
101
125
188
35
95
158
649
131
64
372
286
301
31
66
21
321
146
138
110
381
244
485
417
33
71
141
165
32
358
60
30
64
77
13
279
103
48
62
114
178
218
76
225
639
225
81
39
137
179
166
114
443
135
58
17
704
47
128
205
53
118
100
4
97
312
66
31
50
155
65
33
285
184
556
138
28
71
126
146
99
166
44
74
214
255
47
94
116
92
300
23
67
101
397
82
25
6
148
13
36
77
167
28
47
28
307
17
118
127
27
239
23
591
192
305
172
138
264
173
66
130
304
191
143
95
240
31
166
43
31
234
46
87
76
112
141
78
18
78
47
47
360
127
40
54
164
44
62
325
92
85
439
42
313
31
108
54
79
5
132
9
177
121
54
415
55
160
105
173
1
208
209
127
103
34
64
1
86
38
38
184
72
10
148
48
63
155
143
65
89
358
156
65
131
302
35
52
126
297
142
122
81
131
131
47
202
151
39
135
33
341
4
183
292
292
220
102
56
191
955
340
330
13
1
37
42
202
76
485
56
26
116
99
93
68
285
32
26
100
319
59
127
45
58
104
289
319
138
47
105
255
373
108
7
198
76
53
291
164
37
17
64
129
758
114
311
267
135
156
297
428
363
116
63
356
22
11
30
58
171
619
139
6
44
260
49
13
73
279
254
204
374
359
89
437
15
33
100
200
118
20
418
169
286
24
81
263
236
61
48
145
182
55
101
31
91
82
296
111
185
59
32
22
131
17
113
36
165
3
21
135
155
64
104
107
6
210
30
66
62
207
183
3
43
46
314
287
11
41
37
34
431
143
11
39
78
227
25
294
149
645
57
7
35
45
41
67
184
46
238
43
313
619
340
62
305
13
29
45
43
134
541
28
6
229
42
129
283
127
107
267
148
51
306
82
264
121
37
345
111
371
225
550
84
23
86
466
163
95
58
15
82
4
