1
84
84
84
15
15
15
22
114
19
60
20
15
15
75
27
34
34
34
34
34
34
34
34
34
34
34
47
37
37
37
37
37
37
3
76
94
76
94
36
43
159
63
162
94
63
61
269
108
35
167
95
110
40
163
84
100
126
126
126
32
23
23
23
23
61
61
61
61
62
34
34
34
17
17
17
17
17
89
89
89
114
43
43
43
31
31
52
61
133
69
44
156
156
23
26
23
23
23
46
46
81
81
68
47
47
47
47
47
47
47
47
47
47
47
47
47
47
351
47
47
47
47
20
20
11
42
34
34
34
34
34
123
41
32
25
1
1
1
102
5
19
1
4
45
45
45
45
45
45
45
12
56
93
31
31
31
31
31
34
34
34
102
59
68
36
36
97
115
14
43
43
32
32
32
36
36
36
31
31
61
61
286
3
54
17
83
63
9
41
34
34
34
67
67
67
67
25
31
31
31
31
31
12
167
116
47
33
25
25
25
25
25
25
25
25
55
34
29
18
18
18
18
38
38
38
38
7
7
7
7
26
122
43
43
43
50
22
22
22
22
32
32
32
99
1
34
142
63
63
39
39
51
39
40
51
4
4
82
18
16
41
41
75
75
59
59
120
120
9
31
51
51
51
52
52
52
52
5
60
60
60
60
3
3
3
26
37
37
37
37
37
160
13
13
13
3
40
40
40
40
22
22
22
29
27
27
27
27
94
