71
8
371
200
193
186
98
98
347
218
225
200
7
73
2
102
72
123
102
98
503
857
65
344
298
133
152
177
51
618
54
209
45
343
11
37
187
62
344
234
359
205
374
41
794
42
215
598
856
710
323
10
97
882
601
139
270
332
183
86
74
67
172
222
142
83
17
126
229
173
4
80
213
324
50
212
249
22
54
379
325
168
80
588
341
173
150
24
119
186
110
158
76
257
182
130
367
120
920
80
70
287
206
201
84
216
194
126
91
517
49
137
36
347
484
138
7
113
72
238
115
52
71
24
73
142
104
778
272
142
59
446
476
212
76
280
197
137
161
186
937
131
57
176
135
187
220
50
139
127
356
1281
239
124
83
218
52
78
133
167
56
110
383
126
658
185
220
139
155
224
282
111
229
278
33
1396
38
210
85
179
212
325
80
330
127
147
155
172
305
89
240
59
64
27
166
183
138
526
327
213
151
121
64
90
503
185
135
88
171
82
73
158
77
223
180
287
99
162
86
687
349
100
164
128
93
100
94
46
165
165
47
133
238
424
20
1
116
141
60
311
219
93
146
151
39
73
335
352
38
123
107
265
45
68
344
20
349
53
441
151
80
699
59
196
156
491
545
90
77
151
315
110
270
257
87
66
87
107
128
177
50
303
157
105
194
97
127
121
128
143
71
124
83
267
71
79
47
135
82
268
179
147
71
412
68
73
74
79
128
4
90
162
96
120
37
113
81
70
70
85
84
72
53
152
81
170
129
206
31
69
95
328
102
261
112
83
80
239
203
286
74
60
720
102
77
265
46
222
791
72
68
162
169
95
16
92
101
312
149
91
57
113
92
285
328
192
277
23
157
654
319
486
99
204
226
137
188
87
84
271
49
136
212
298
110
267
113
176
169
159
63
38
96
214
82
217
148
185
226
445
211
155
93
529
153
352
648
220
35
68
61
184
395
1042
218
107
107
61
299
294
144
170
164
160
160
353
109
114
182
267
161
212
158
156
102
28
106
22
177
47
177
324
102
163
85
144
210
73
166
203
202
215
218
142
574
228
176
350
272
272
278
125
103
349
162
71
187
78
143
39
138
57
69
391
261
140
34
61
170
240
214
277
92
51
132
38
235
75
34
44
29
56
108
68
39
103
90
46
383
332
1516
52
458
315
91
124
158
166
135
346
431
699
114
64
214
148
593
148
218
266
96
117
133
96
123
70
129
805
191
72
160
519
123
843
291
73
202
111
932
923
258
169
181
185
268
94
24
227
298
52
689
1036
183
419
133
92
324
111
74
194
64
114
175
174
71
139
73
55
239
210
126
153
119
67
376
91
172
165
58
287
143
75
131
293
304
36
37
74
1292
132
1032
225
98
241
1037
131
76
153
60
151
79
250
148
310
482
497
40
120
117
257
641
176
111
243
214
225
68
50
172
92
193
75
169
213
164
96
91
56
181
168
168
346
119
108
121
243
66
143
238
181
165
194
118
188
322
826
380
160
141
170
73
270
242
169
98
343
106
320
137
2651
1255
226
81
88
157
414
151
365
54
34
138
87
34
216
201
176
519
154
67
211
141
131
85
634
226
265
71
44
140
83
225
113
58
297
455
213
258
190
240
99
45
365
140
142
158
220
107
61
19
116
172
78
115
184
21
336
365
95
525
195
286
31
203
20
313
157
54
114
198
409
164
138
235
618
104
115
58
86
181
55
50
72
282
58
263
632
360
133
78
252
240
127
267
258
58
600
1032
402
1075
164
160
229
201
389
108
77
71
212
104
36
196
98
208
104
32
134
36
73
125
166
43
49
380
92
108
180
712
47
28
307
101
197
272
57
164
78
83
322
94
60
81
109
159
87
41
96
171
12
79
47
171
48
519
471
115
152
182
30
419
202
191
330
99
187
149
74
165
76
433
341
1540
1390
67
70
243
95
168
207
160
123
374
174
137
102
173
98
180
408
128
81
108
324
238
68
121
117
294
94
95
44
94
90
98
217
85
73
168
354
187
120
255
171
503
73
417
504
81
221
87
107
78
113
184
230
76
95
156
319
49
335
74
205
204
166
162
103
223
103
70
77
105
235
218
205
85
901
460
424
145
76
479
555
211
59
650
35
265
947
293
174
240
435
183
781
7
1406
365
152
356
183
260
16
277
111
530
206
227
218
161
204
114
176
167
401
188
16
754
601
1467
292
343
180
191
202
452
257
120
162
486
263
1263
166
60
113
200
150
2067
169
78
600
440
371
446
941
144
177
178
80
185
206
282
344
81
252
293
315
233
343
189
88
233
269
67
536
360
170
186
371
197
328
1462
51
202
235
110
428
315
73
372
1077
2295
87
482
60
42
1359
125
988
243
396
35
195
96
136
106
200
435
236
443
756
316
613
11
36
24
44
470
463
33
247
183
1041
121
124
869
341
182
201
430
187
47
223
203
78
404
71
69
174
426
79
133
490
507
178
70
105
536
177
186
455
73
105
91
283
162
430
186
166
124
183
1415
89
333
472
139
208
151
302
37
125
61
495
172
220
620
2328
435
226
216
65
233
198
11
118
77
75
287
91
441
502
801
393
203
2125
169
111
288
164
83
583
54
87
115
214
175
224
454
2413
15
271
156
242
94
228
184
167
360
149
330
523
281
1212
157
147
172
212
217
86
122
208
143
123
45
260
92
73
165
80
202
139
318
159
296
106
599
369
845
356
1238
268
105
208
278
836
161
1104
84
283
208
320
41
1118
194
94
128
180
98
187
219
1190
125
2163
168
151
149
130
141
146
84
239
324
76
330
73
76
40
63
878
291
40
75
153
295
64
173
170
128
245
183
961
561
938
107
141
82
38
179
529
389
181
143
164
154
150
198
2092
95
73
104
185
178
686
101
99
183
62
299
92
125
250
34
245
71
455
623
560
282
422
102
115
174
60
255
247
94
211
152
287
304
66
126
309
131
1067
394
76
99
217
633
144
374
321
50
174
433
284
166
56
100
186
168
197
173
520
331
308
818
483
555
374
107
345
110
166
55
1504
497
54
137
180
145
188
210
148
184
969
40
169
715
181
135
124
198
353
165
46
228
328
188
343
15
33
203
85
90
101
356
274
71
475
1892
211
163
142
401
189
166
205
160
341
332
176
75
375
613
341
1289
61
72
146
641
296
435
142
81
328
154
790
553
135
444
262
93
73
175
235
144
100
122
100
133
114
94
78
67
390
184
200
154
72
108
192
110
49
105
496
232
167
295
78
257
88
130
439
487
211
77
190
212
190
257
83
146
262
49
126
89
769
125
187
333
165
145
161
89
270
514
2166
345
152
320
204
175
193
199
191
88
337
51
71
219
120
163
181
72
418
354
22
220
420
67
123
341
195
334
312
199
337
134
211
755
55
28
179
214
123
294
116
399
202
269
334
76
107
75
101
76
129
256
157
157
160
199
142
1147
274
39
127
50
67
363
203
309
212
547
541
74
340
373
341
52
153
137
548
88
437
143
94
145
324
651
73
157
248
296
120
142
209
427
90
194
136
325
155
87
96
179
134
558
205
48
219
362
101
34
184
181
325
202
171
112
73
366
99
203
219
222
183
20
180
79
104
77
260
344
50
1196
85
2022
267
213
129
104
176
82
77
117
136
41
163
56
182
44
170
53
205
194
40
118
400
64
147
209
623
157
275
300
237
267
527
605
141
361
173
115
111
1007
200
116
77
79
50
629
222
163
949
37
45
162
472
170
247
421
1386
436
402
99
126
170
73
82
127
46
97
182
359
216
155
24
41
259
52
39
125
133
97
393
123
91
63
115
440
264
329
223
166
202
178
88
51
60
603
192
156
174
76
292
130
332
38
638
943
342
272
85
40
202
52
690
258
168
43
675
339
327
109
1013
55
224
114
75
125
23
196
137
498
51
63
62
154
88
150
89
100
37
97
77
199
30
53
135
175
132
94
218
49
70
212
227
151
73
574
45
378
81
254
117
106
61
613
139
81
222
132
200
44
123
71
52
182
79
127
155
262
305
88
194
306
130
194
131
209
203
660
79
484
88
62
279
103
266
207
377
92
115
43
69
102
77
64
147
92
58
131
83
75
177
35
321
98
107
201
119
81
1
75
92
208
70
113
173
212
59
113
166
92
163
131
94
169
51
35
188
344
123
99
74
176
117
125
181
385
84
173
371
128
125
164
80
107
23
82
186
170
50
184
144
297
85
178
129
734
137
134
194
194
178
16
47
86
110
113
198
48
34
58
73
163
78
309
105
92
172
322
61
87
263
136
995
423
240
532
58
182
2364
134
98
161
159
48
230
115
121
18
9
211
189
94
350
153
222
454
68
2164
287
83
94
123
169
63
96
150
307
65
65
124
104
76
39
74
22
115
321
281
209
50
81
518
191
160
119
387
114
119
238
207
192
266
67
541
317
87
57
141
100
129
163
425
129
878
347
106
177
215
412
191
63
3
86
127
146
196
128
79
424
263
46
57
36
21
245
216
234
619
230
45
272
411
48
112
206
165
52
48
113
217
187
127
81
182
487
133
180
60
67
214
61
128
158
154
1238
221
1011
84
335
141
215
347
180
181
146
238
169
237
42
66
61
560
123
513
70
249
88
52
98
104
175
185
79
349
2659
155
130
137
804
31
137
339
178
65
190
152
424
94
107
325
71
54
539
131
138
108
173
80
313
261
98
206
117
177
215
78
153
186
331
150
501
371
106
180
416
112
71
206
102
95
53
82
77
207
94
161
923
131
62
70
176
136
36
211
209
50
70
156
127
355
1277
238
168
83
218
52
103
67
281
483
371
163
308
1278
50
67
362
314
233
231
566
57
68
1170
167
423
162
44
184
148
203
114
71
333
136
61
215
486
1022
108
161
93
65
166
106
42
89
381
83
205
101
105
17
161
237
81
295
144
115
819
178
227
89
163
140
123
154
139
466
10
246
70
130
93
69
162
85
422
219
175
218
176
615
1785
736
185
86
180
284
74
240
183
90
200
88
116
64
84
210
355
171
447
80
37
1610
119
79
330
146
142
10
82
241
204
546
71
47
102
876
111
176
180
227
203
165
220
63
141
153
146
169
108
175
66
65
77
67
158
69
65
163
103
175
120
39
97
186
99
91
150
251
121
342
109
166
108
946
623
497
322
144
709
158
141
474
70
55
216
135
149
210
142
176
47
56
76
138
187
136
196
134
57
98
125
250
119
38
197
100
125
62
82
166
13
150
104
177
170
159
149
85
212
63
37
46
516
397
569
295
30
355
51
126
328
79
56
36
235
113
29
11
35
19
65
204
130
180
218
246
88
335
227
301
2
52
34
18
141
247
116
106
168
102
201
240
328
219
124
117
37
75
211
122
325
146
73
153
126
157
189
129
96
62
31
36
120
204
50
147
86
220
240
150
275
172
38
1290
890
74
597
257
235
136
199
210
347
148
173
111
181
165
511
62
195
104
79
140
466
299
517
155
104
1002
220
233
147
94
109
177
99
43
144
289
83
205
194
75
354
137
44
226
144
51
113
183
192
181
218
437
168
79
72
5
166
46
151
327
1142
1290
862
1391
317
324
45
163
143
125
134
96
71
142
192
241
217
993
146
18
136
142
70
378
141
120
147
100
107
958
1192
111
238
87
161
90
78
102
240
60
162
95
128
60
176
199
43
174
145
409
92
140
91
278
379
106
386
313
78
154
45
125
73
180
117
78
233
337
279
1106
70
212
202
50
169
48
469
72
365
315
702
203
230
202
37
181
159
182
440
534
109
218
170
211
199
79
344
224
140
418
439
198
89
153
56
44
330
97
356
182
107
179
310
3
100
310
95
46
120
197
136
350
1010
128
190
217
497
454
63
73
318
94
78
129
79
93
158
128
179
203
135
25
73
172
104
606
114
74
222
304
186
104
61
139
98
598
562
180
143
75
69
94
74
118
91
631
94
435
38
46
131
93
101
3
69
76
157
200
310
312
146
167
196
97
132
119
230
183
43
137
21
215
239
291
259
43
152
102
50
141
132
20
34
434
96
116
355
11
416
242
89
103
206
74
208
152
225
115
118
146
842
163
57
193
121
151
178
114
51
202
108
258
96
29
23
50
51
69
79
35
108
177
189
156
352
168
160
30
98
105
3
40
5
214
301
169
179
264
99
132
243
66
98
99
127
363
331
175
143
42
27
6
88
96
126
147
321
55
218
75
184
78
66
195
16
25
78
14
211
344
294
142
77
127
98
44
109
18
58
159
248
83
157
56
336
536
144
82
134
254
141
359
35
145
106
31
182
82
111
73
28
45
43
6
70
287
221
124
106
221
164
224
235
198
165
187
542
521
239
427
93
46
172
132
27
218
178
102
318
104
114
132
199
33
108
93
114
130
79
41
97
83
61
261
42
265
219
342
419
517
324
156
80
369
90
64
121
181
190
71
34
66
152
99
154
313
932
161
183
195
170
232
72
147
10
58
713
189
178
354
227
184
175
329
139
69
71
48
90
126
199
185
220
103
154
558
57
287
109
112
503
171
82
196
818
83
137
65
139
132
317
263
274
221
99
38
88
41
344
569
608
163
75
306
97
195
75
252
93
101
220
172
41
80
76
61
78
252
116
59
48
67
201
187
162
85
144
194
38
405
161
175
190
187
40
290
155
149
376
515
119
225
142
60
79
182
169
61
223
76
52
59
204
29
30
67
354
34
232
68
66
102
373
179
366
98
84
198
287
94
10
146
273
703
80
159
203
41
52
495
19
148
111
216
68
66
2
249
338
243
771
242
124
266
214
93
256
155
51
272
344
58
491
142
68
109
149
154
155
86
258
169
74
106
162
309
51
184
56
68
167
150
119
543
52
138
128
45
169
97
129
201
214
83
171
45
29
119
154
55
61
95
316
187
195
63
99
58
147
93
84
284
411
156
104
76
198
135
80
160
144
80
132
22
85
87
93
81
66
85
136
199
125
150
944
302
335
149
235
113
273
143
219
177
210
65
226
41
301
20
193
49
68
150
95
157
69
90
121
184
224
67
65
64
368
265
242
907
76
107
162
67
180
622
100
95
85
323
236
223
218
220
215
154
61
84
212
49
117
160
3
29
64
159
117
122
77
84
145
219
264
146
51
173
54
131
499
69
98
84
83
41
184
38
47
84
215
48
162
77
57
104
179
93
126
206
490
204
258
82
61
223
87
255
76
251
82
36
55
116
31
61
115
636
111
164
150
116
36
61
376
62
145
58
153
283
295
200
50
45
47
354
89
163
70
351
76
185
348
136
53
333
158
328
442
86
100
396
135
75
165
79
340
593
844
1451
95
126
65
153
79
162
215
278
118
22
40
335
225
87
158
406
141
734
109
70
82
40
166
362
170
174
108
123
129
42
133
149
94
32
328
60
199
190
136
315
112
79
87
95
146
43
111
158
45
77
199
157
217
70
64
428
353
29
70
433
112
269
189
138
58
80
165
79
168
130
234
158
93
279
101
194
118
556
347
119
124
85
58
72
21
87
117
121
316
66
236
179
173
141
93
181
216
214
249
127
184
50
154
288
152
542
144
216
65
139
66
95
29
71
125
203
158
132
138
178
170
347
207
165
342
168
201
54
113
171
121
367
203
177
228
110
208
169
185
216
144
102
51
95
74
185
11
62
141
292
98
121
91
167
62
173
1232
202
600
226
203
104
50
142
219
538
178
178
38
164
87
55
131
74
275
274
342
115
92
183
38
247
370
78
51
124
144
204
103
67
86
136
58
149
185
12
138
107
71
193
85
76
76
116
128
165
175
105
161
94
144
170
137
112
175
170
86
30
164
230
540
86
79
368
565
38
150
73
335
302
645
236
94
236
314
183
137
265
337
97
185
109
94
73
123
198
95
161
88
276
69
45
229
179
1309
157
67
460
97
262
165
166
205
217
144
137
346
102
188
187
143
117
70
219
155
177
72
46
148
231
213
95
118
188
83
208
82
190
213
300
122
47
54
118
57
134
239
158
115
73
209
75
108
608
227
216
203
124
180
45
91
109
138
94
70
103
201
126
29
64
110
694
267
101
237
279
191
79
105
270
130
147
27
137
82
116
43
100
74
118
151
99
104
453
161
112
176
135
301
94
88
122
54
130
293
78
249
54
227
12
300
158
615
162
65
200
18
144
193
187
175
148
214
125
185
44
162
514
106
65
77
474
240
38
56
59
216
131
202
91
237
51
52
76
107
91
181
141
195
388
396
59
31
23
28
28
128
113
217
571
242
128
52
43
45
125
115
183
122
71
81
74
368
149
111
183
5
42
77
76
17
146
148
896
73
147
88
111
206
41
277
53
56
170
81
14
18
145
77
128
34
162
70
224
39
59
262
232
133
142
209
222
152
224
93
412
135
785
357
172
89
352
420
189
71
37
178
652
393
235
1027
430
308
67
96
146
56
110
141
54
14
898
550
158
430
149
105
115
200
572
119
94
75
80
95
192
160
131
98
295
178
173
402
231
472
98
345
39
126
175
174
163
115
112
76
115
180
807
117
319
200
81
8
11
343
195
164
185
63
157
134
36
176
187
45
79
201
114
332
921
142
73
40
497
177
126
78
127
104
117
162
132
69
143
156
60
140
299
742
429
134
91
64
248
233
221
214
112
184
92
110
189
160
137
224
308
101
88
71
160
215
200
81
88
362
85
208
56
62
113
173
162
117
43
204
154
439
140
127
71
179
219
510
159
219
95
304
134
113
269
332
163
42
234
234
13
15
107
213
150
466
101
58
141
123
73
214
176
68
160
81
47
101
57
154
144
77
187
714
777
189
266
309
105
146
140
66
189
97
106
159
113
273
149
156
111
166
39
206
98
199
1096
461
54
81
95
169
339
315
91
166
18
241
116
77
137
126
226
118
68
99
180
43
76
308
258
227
259
128
62
163
1955
312
108
64
678
291
276
116
135
115
84
337
163
121
136
133
224
386
208
120
434
120
35
106
189
189
147
170
138
429
111
165
85
59
174
166
52
105
89
90
64
107
498
57
178
90
159
171
315
192
177
101
85
364
514
179
114
216
115
110
136
112
225
164
99
114
204
433
137
116
133
495
334
443
438
456
143
185
148
593
182
108
205
184
9
88
365
60
199
167
48
310
98
521
212
94
172
172
154
90
43
43
43
470
259
4
206
105
238
71
143
163
389
360
160
87
156
189
132
68
67
138
71
335
118
634
136
118
127
540
293
182
171
197
147
126
182
63
137
1
225
213
144
108
55
52
118
121
32
98
143
180
450
162
50
118
156
319
239
118
62
189
333
176
385
66
54
106
219
69
80
143
98
258
225
288
103
171
244
81
149
89
11
91
466
122
75
158
57
140
181
74
96
52
180
148
81
67
194
116
113
61
220
154
100
216
208
155
208
47
353
102
188
154
104
133
174
107
126
15
163
182
111
175
277
201
85
93
229
149
217
80
53
336
300
63
163
1320
106
159
146
75
330
330
161
77
70
308
182
767
163
109
34
330
85
753
115
67
117
169
130
128
360
293
288
469
929
140
193
132
25
314
407
169
143
103
183
115
152
76
209
326
142
179
354
140
337
160
85
83
66
250
187
68
427
108
193
44
181
64
82
76
219
314
234
228
87
224
210
196
122
100
293
161
158
61
1220
211
182
169
163
56
238
565
140
233
79
101
8
167
214
64
213
97
146
670
206
80
96
187
519
51
289
75
184
148
868
141
413
78
87
236
125
82
180
424
83
74
81
985
931
456
105
168
308
73
146
204
172
229
173
147
334
131
308
104
1014
74
315
192
110
61
74
142
61
50
165
213
221
431
133
120
129
323
357
182
229
116
48
358
133
66
127
187
171
887
81
1225
1127
127
318
206
138
202
94
281
389
289
227
90
342
171
114
339
81
202
177
100
57
208
139
45
54
137
144
339
399
150
102
188
341
53
372
58
173
105
111
82
82
115
116
53
234
35
174
214
219
364
93
158
187
164
87
110
1124
187
585
154
184
350
1742
117
147
44
253
86
143
711
140
194
141
97
74
72
168
165
123
184
175
93
202
90
121
415
307
270
35
304
68
47
57
87
51
122
201
175
141
207
73
86
151
132
167
138
105
105
171
506
72
106
256
124
82
75
114
53
105
323
234
342
148
295
169
92
127
29
80
86
122
425
151
52
115
81
222
100
142
151
70
246
256
674
63
42
92
270
75
111
205
20
98
205
83
339
326
38
222
138
311
278
143
243
196
608
139
414
147
132
127
65
108
154
168
63
249
187
162
43
112
13
308
65
153
89
298
199
168
79
18
89
261
103
37
76
46
66
73
89
482
223
118
155
127
102
104
4
103
86
62
72
137
140
81
98
88
63
72
243
315
106
200
164
118
79
102
76
54
323
379
208
139
77
75
109
532
144
73
134
131
117
148
232
100
1572
766
226
143
366
106
258
26
146
125
152
58
124
84
70
308
105
69
61
18
410
121
151
63
187
119
73
128
60
145
250
611
464
215
128
208
120
151
509
159
218
103
247
128
177
118
67
71
146
104
147
319
124
55
90
304
203
156
232
260
194
23
68
65
73
284
151
84
57
83
57
137
84
267
139
368
105
34
309
264
11
81
130
114
150
245
126
131
58
314
1298
224
146
145
109
71
88
146
319
106
109
184
161
168
345
411
70
47
751
68
116
422
156
169
643
107
777
199
78
62
187
542
1107
152
104
57
65
79
25
61
95
276
344
193
131
54
188
214
205
131
105
392
152
719
208
84
203
142
116
38
71
445
80
300
128
311
439
706
83
