19
164
136
94
152
65
106
174
63
3
78
1
91
27
84
208
200
200
223
300
111
77
37
46
131
273
65
65
6
6
36
36
36
29
29
29
29
10
71
103
18
18
65
50
19
162
181
181
181
181
181
100
100
61
61
256
256
93
93
58
174
94
6
32
130
120
130
120
130
130
130
120
126
92
126
92
126
92
126
92
126
92
140
197
197
136
140
60
60
66
66
21
452
29
68
111
212
61
30
116
322
156
122
137
148
65
65
93
93
244
244
93
93
89
360
46
46
46
46
145
57
25
50
50
50
50
50
50
50
50
50
82
268
82
149
86
570
183
378
236
300
34
362
61
386
531
45
280
116
108
330
147
10
10
10
372
34
192
24
112
57
102
53
214
18
18
18
18
18
18
16
780
89
7
13
37
37
37
140
140
140
26
794
17
16
16
89
56
97
43
14
14
14
14
81
81
8
8
8
8
8
15
254
70
52
143
143
290
290
79
79
147
12
181
108
174
176
88
81
81
299
55
55
55
55
55
55
55
55
55
186
100
5
5
1
25
25
1
249
103
15
41
73
132
279
397
297
40
40
59
59
25
25
78
183
93
55
78
93
93
93
186
305
1
26
87
48
38
38
424
424
75
172
29
24
75
56
56
277
1
50
33
94
88
88
84
84
10
10
47
656
123
106
208
82
82
229
229
108
108
296
124
262
287
25
105
101
19
113
130
101
105
151
151
109
109
109
57
42
36
111
98
118
118
118
64
24
30
32
33
33
33
33
21
21
21
24
24
24
206
24
218
35
263
185
81
81
81
81
81
100
1
2
300
3
43
97
273
140
273
273
18
18
103
102
227
227
227
23
23
23
86
30
228
47
64
445
2197
156
2525
30
101
71
137
63
63
25
25
76
76
60
85
502
62
192
141
84
84
316
24
24
24
24
24
24
66
256
256
22
67
115
93
46
41
79
40
40
31
31
153
34
34
34
27
66
97
40
165
1122
292
63
440
229
6
6
6
6
6
6
6
6
6
6
6
6
6
6
6
6
6
6
6
6
6
137
280
121
370
229
188
153
102
119
190
60
183
157
111
269
34
34
34
156
55
55
55
55
55
113
68
7
26
32
32
36
36
54
121
35
35
35
52
52
52
126
126
126
297
297
297
61
131
131
59
11
6
52
19
56
148
8
27
27
27
46
53
277
232
97
353
144
363
41
27
11
11
12
58
28
21
41
116
41
20
20
20
118
81
66
121
149
88
32
32
32
32
18
51
52
51
163
222
5
190
4
25
39
539
8
8
8
8
9
5
36
90
139
300
22
189
52
81
81
146
146
146
90
90
90
118
16
