51
154
199
200
15
297
294
125
62
71
130
111
234
99
184
140
290
78
3
242
99
161
102
247
213
296
97
167
283
117
311
130
214
95
61
93
256
51
159
129
62
24
174
23
257
297
155
25
289
69
197
280
70
293
281
88
309
309
298
165
96
91
240
142
100
289
153
81
69
68
85
71
16
100
44
98
115
189
117
117
301
7
317
120
94
158
41
54
60
165
218
92
131
94
147
98
134
127
257
48
229
316
168
111
309
93
235
300
293
149
50
85
41
18
83
250
85
31
118
219
181
194
109
76
16
233
252
156
320
54
92
198
129
309
168
295
169
22
112
166
129
305
13
185
74
268
50
343
22
2
71
123
298
297
58
252
62
182
122
88
129
17
81
306
94
47
76
20
124
142
91
30
109
288
177
127
101
142
261
21
293
81
131
201
36
