57
11
1
119
35
59
68
18
23
252
362
27
18
36
86
464
145
25
91
35
117
20
27
31
53
40
148
41
40
49
236
477
21
6
47
325
204
243
66
459
2357
42
152
29
64
66
61
31
61
48
26
302
977
127
1038
171
33
38
380
514
9
114
806
339
185
326
58
55
560
1204
64
42
20
31
42
35
45
45
21
20
440
440
16
100
20
200
99
179
130
1
93
331
194
90
10
29
39
24
19
44
29
43
40
112
46
41
38
55
44
52
48
36
1416
17
32
67
174
171
34
30
26
26
36
34
299
16
55
47
38
91
55
45
66
24
41
61
29
68
55
30
40
42
36
40
40
38
233
56
40
23
33
19
46
39
44
113
32
23
30
38
25
40
58
68
81
33
182
61
32
28
47
24
36
159
33
73
30
43
27
26
33
75
45
26
59
55
26
41
36
356
3
348
86
49
41
71
27
101
39
36
62
63
27
99
76
212
86
63
23
29
6
16
27
35
75
51
65
31
41
23
64
362
27
90
41
40
73
58
52
45
11
31
44
47
30
42
46
42
50
23
45
22
34
74
37
48
54
51
95
499
38
17
44
22
22
140
32
305
71
164
216
153
40
62
48
38
33
19
34
125
36
59
29
7
29
104
93
101
36
29
47
36
372
39
201
190
994
625
1098
4074
78
20
149
42
142
26
33
38
33
56
24
37
46
24
29
192
38
48
48
40
35
33
43
58
27
109
27
35
41
34
23
30
41
32
53
46
25
46
60
31
29
29
34
26
22
21
35
45
46
38
46
34
84
36
95
110
27
68
36
30
38
146
81
18
21
72
34
38
27
24
36
68
64
294
292
28
57
160
460
1279
148
298
30
289
403
447
35
387
952
35
92
30
11
35
17
90
13
31
19
21
33
118
34
47
19
40
55
31
26
22
11
31
30
32
29
75
24
56
31
38
48
16
32
42
73
17
57
63
46
48
50
28
1014
26
34
124
137
1448
703
38
39
30
36
31
45
32
43
123
28
29
26
48
45
108
44
43
89
58
45
25
19
33
40
32
30
28
105
41
52
56
99
39
16
38
106
22
38
23
45
45
18
34
33
35
44
39
27
156
57
29
25
19
42
187
27
34
33
16
10
52
50
36
68
40
33
28
224
17
24
39
20
34
15
28
196
83
50
36
31
43
24
54
39
31
57
167
87
90
45
56
26
33
56
56
72
100
83
16
24
34
18
25
28
1322
95
822
40
61
48
57
16
45
54
37
30
39
19
19
30
40
43
105
37
131
442
306
191
23
212
124
28
1506
301
42
55
27
40
55
51
43
62
41
25
14
22
31
26
11
44
60
30
41
9
111
35
23
67
69
89
29
50
110
80
37
219
37
425
20
213
27
53
35
48
33
58
75
100
32
33
46
61
35
70
30
137
26
37
34
40
34
20
24
44
28
37
24
66
36
26
119
32
75
17
23
24
31
24
14
86
30
51
42
43
40
174
13
75
35
25
184
38
102
36
23
199
29
40
67
36
20
40
29
40
68
39
63
35
112
28
33
40
37
30
17
33
52
97
34
25
23
19
34
28
22
32
30
37
74
14
308
24
104
27
30
60
31
51
100
107
58
47
60
51
24
52
13
17
44
77
100
17
29
32
53
44
18
54
24
27
55
60
39
31
49
167
40
39
20
38
8
40
34
239
19
26
24
29
61
92
4
37
58
91
23
34
24
50
31
41
16
34
46
49
31
37
19
56
51
284
5
35
33
68
365
74
41
33
40
16
36
256
36
41
31
147
34
34
40
49
67
56
33
51
111
28
40
27
12
28
26
100
38
44
33
22
20
75
53
30
40
47
42
33
25
16
20
73
16
26
61
36
49
24
30
70
55
20
42
40
18
54
18
20
35
10
9
81
39
13
54
52
29
81
38
49
37
21
29
17
33
35
21
50
23
28
37
40
30
29
33
46
64
42
43
19
16
22
38
46
47
56
37
40
193
62
20
19
49
67
40
27
21
35
40
43
39
32
21
113
52
44
26
19
19
91
23
18
48
17
20
97
34
38
19
38
29
19
36
31
117
52
36
23
23
29
61
27
30
53
18
351
20
24
58
75
140
314
41
39
101
28
54
35
61
46
59
53
99
104
42
39
37
50
64
46
32
19
141
36
28
72
41
47
56
125
313
82
656
265
45
5
36
26
21
38
55
143
28
40
19
80
36
106
55
35
24
34
23
15
29
41
25
24
20
27
29
102
18
46
57
21
26
207
61
28
39
33
60
32
63
46
44
27
373
5
35
29
28
238
31
41
69
98
31
43
51
38
29
56
23
74
51
19
32
73
44
38
29
39
58
49
41
203
28
49
41
43
49
26
53
192
28
25
47
23
69
23
95
50
12
79
24
34
148
26
37
37
66
26
55
50
43
31
37
44
66
61
34
88
34
14
35
60
42
40
45
74
37
60
35
138
35
27
41
37
33
42
44
21
55
43
46
72
38
24
47
28
33
57
21
30
84
36
210
51
26
48
38
52
34
56
49
34
82
57
43
36
31
36
151
22
28
34
28
17
105
24
21
30
27
33
24
228
44
107
59
34
26
41
28
28
24
32
40
18
18
23
41
40
24
29
36
23
22
111
32
48
29
36
47
35
78
84
25
255
34
19
59
68
18
5
29
76
34
23
54
41
55
63
117
40
28
89
104
28
35
29
26
30
44
31
60
42
36
37
43
30
19
96
31
24
61
40
67
52
37
43
40
34
25
58
44
24
48
16
27
55
46
37
23
23
24
20
31
41
24
34
40
34
47
39
67
49
33
37
37
413
23
19
62
32
126
52
35
61
28
10
25
26
77
55
29
49
21
23
7
108
27
152
50
57
62
40
35
6
30
22
139
43
89
28
47
40
28
28
24
33
47
34
18
44
32
35
40
9
42
45
45
33
17
45
81
30
49
51
62
76
62
120
68
27
33
60
47
13
32
13
83
27
47
108
1
21
52
94
51
33
47
161
47
49
34
26
28
25
29
31
52
38
19
37
133
22
56
84
67
40
60
45
20
19
27
44
29
19
1609
49
20
27
44
28
35
74
32
51
6
25
40
29
71
15
47
26
45
55
93
39
26
38
44
27
247
32
145
46
43
19
40
32
91
241
67
31
104
23
51
25
71
51
43
33
65
27
37
23
38
36
40
85
24
25
25
64
26
31
46
50
97
29
33
43
45
41
22
28
23
32
175
54
40
24
70
37
20
103
43
38
103
92
41
23
24
43
30
26
31
37
36
33
21
52
102
27
36
31
52
48
25
30
22
29
55
36
40
32
21
98
41
27
26
42
43
48
31
40
40
8
162
2467
26
57
51
16
46
27
33
26
31
106
24
39
18
40
24
50
40
41
60
49
40
31
31
46
29
30
40
29
30
30
30
22
16
34
51
42
75
31
39
20
20
40
61
41
60
83
24
22
134
69
50
43
39
28
54
16
55
31
23
11
26
150
38
29
26
18
39
80
35
131
53
65
69
260
40
25
54
46
19
34
35
53
57
44
48
80
38
46
32
59
41
42
35
13
20
197
49
23
37
49
46
44
62
23
41
46
41
39
39
76
30
39
128
27
574
410
76
26
51
40
23
51
42
109
22
28
34
43
26
22
34
129
51
45
45
157
23
99
28
61
38
54
23
24
165
24
39
18
82
30
29
56
57
32
22
55
33
27
280
41
30
21
27
36
40
33
38
39
63
246
55
42
51
111
23
221
24
36
145
40
44
49
41
24
67
62
28
25
23
252
122
42
35
24
35
42
33
44
109
28
31
27
21
52
22
25
35
22
29
20
35
31
39
41
34
43
107
24
51
11
30
27
94
23
58
134
38
30
82
67
8
31
53
22
49
40
29
31
50
36
44
72
95
31
16
36
43
21
23
49
140
31
69
87
44
49
51
94
75
78
45
68
17
56
21
41
371
253
22
68
43
26
62
55
29
32
47
23
30
39
23
74
29
30
62
35
87
57
22
40
32
24
52
26
22
87
55
24
23
29
37
37
35
126
17
39
42
29
82
36
54
88
21
49
49
62
64
49
35
40
27
38
38
36
26
21
35
10
110
41
78
64
36
54
77
37
58
63
21
33
41
153
75
33
34
36
25
44
44
35
41
34
47
74
34
76
31
62
26
56
31
4
37
44
34
39
77
40
37
45
32
49
15
28
58
46
41
27
82
42
60
38
82
42
26
50
51
36
49
37
59
91
62
121
34
55
40
33
44
21
150
31
36
39
100
33
42
18
37
47
20
50
48
46
18
80
21
30
61
31
41
32
33
37
44
31
52
28
45
39
252
271
47
100
28
50
124
35
26
35
43
67
32
30
32
48
36
85
21
51
47
50
65
84
26
11
34
28
181
59
64
20
77
18
25
47
266
31
46
51
46
27
92
23
39
34
165
43
29
20
37
29
85
52
25
68
18
51
48
41
30
46
62
17
97
22
46
39
51
56
35
57
23
46
35
34
31
99
49
43
46
83
18
67
28
24
83
66
52
27
65
24
36
23
16
28
48
67
30
43
253
22
39
38
44
55
32
46
25
33
29
34
33
55
68
69
43
45
23
31
65
26
58
36
22
262
91
57
30
21
45
32
28
57
40
23
50
40
43
21
19
44
65
26
39
39
36
41
44
56
71
132
42
37
45
34
10
53
18
26
25
38
53
54
53
22
33
23
180
18
43
38
42
33
26
36
49
18
16
48
21
35
13
40
30
38
43
22
39
52
62
53
49
37
41
34
15
37
77
30
31
42
178
17
44
32
37
8
32
12
23
55
60
33
25
58
36
37
37
16
25
48
16
84
37
31
21
73
52
75
40
79
22
24
68
83
104
60
87
164
44
57
95
22
37
50
27
19
58
7
24
30
74
27
12
47
67
28
22
56
34
34
89
38
53
66
34
37
27
40
59
25
71
137
25
36
79
28
46
18
54
120
29
77
154
24
34
21
17
38
38
51
51
213
60
79
21
47
12
12
54
64
50
49
38
44
79
19
26
27
33
16
58
37
133
45
39
82
82
53
30
38
32
7
50
69
38
71
54
44
18
35
51
44
26
34
31
43
105
43
29
184
26
37
76
44
65
23
27
90
36
40
14
31
156
74
47
42
36
60
59
67
39
42
35
51
40
16
54
39
34
35
37
40
29
17
35
68
37
24
47
30
37
68
45
31
8
44
29
23
36
78
36
37
131
36
57
44
40
79
20
16
36
36
27
44
117
45
34
32
78
34
35
49
34
50
33
1621
55
49
20
28
28
39
28
39
22
28
25
96
58
47
71
52
44
18
62
26
47
28
65
51
104
173
25
44
25
30
54
37
44
129
18
60
55
18
44
39
35
80
22
18
246
360
38
34
50
52
9
41
164
55
48
67
35
24
5
45
24
127
29
32
33
18
41
80
61
26
22
37
49
106
64
40
33
28
110
42
21
32
25
77
36
36
24
20
29
39
24
29
24
49
37
16
25
142
35
25
105
33
29
20
43
126
31
33
104
33
150
42
119
57
37
38
49
55
64
84
76
97
98
5
48
52
32
21
18
23
204
34
34
40
43
51
49
33
102
31
29
31
45
46
43
32
48
62
38
46
51
40
37
44
33
30
33
28
35
24
27
35
49
245
19
85
35
24
36
29
21
43
138
71
43
31
34
40
43
18
84
45
37
6
32
16
23
45
29
19
41
40
31
73
35
40
25
45
27
28
29
25
5
23
47
43
44
42
21
20
35
112
23
83
27
39
61
43
23
44
23
33
43
76
36
44
28
55
43
30
39
68
34
40
32
36
228
91
30
28
16
23
49
44
54
6
33
67
35
53
40
38
35
32
18
60
83
89
32
26
60
41
78
26
34
127
39
46
42
29
52
119
27
25
32
34
33
62
33
45
43
29
65
43
41
51
23
28
56
16
37
39
38
51
26
24
40
42
88
7
104
48
364
21
63
33
36
41
49
7
66
19
49
22
21
64
34
23
20
68
38
21
43
148
62
48
27
30
29
24
44
19
21
45
55
47
30
136
54
62
48
36
41
29
21
151
66
32
32
120
32
30
17
33
46
12
44
50
668
10
41
24
74
37
69
15
57
31
31
48
25
19
50
31
30
53
49
33
33
36
34
22
39
61
16
40
43
17
42
42
35
25
136
73
42
38
48
44
112
33
38
18
26
29
57
44
50
47
11
34
54
34
56
222
39
142
44
37
24
20
44
22
26
62
33
77
29
26
35
34
62
30
21
40
27
73
670
21
43
25
73
21
47
18
115
151
99
36
50
78
46
35
35
32
46
43
53
37
29
31
116
91
29
37
40
366
20
34
45
23
36
9
46
51
59
111
43
128
38
81
29
45
19
19
36
34
29
28
27
24
43
40
42
29
30
29
47
117
33
57
29
35
39
36
36
46
25
259
18
49
44
441
174
226
131
56
32
25
5
34
42
31
17
70
5
23
9
20
14
34
30
41
119
55
39
38
33
18
43
37
30
27
54
72
30
45
71
137
57
45
20
44
47
46
57
26
44
49
38
28
60
56
31
41
30
16
28
41
49
62
37
29
58
24
20
262
17
6
135
29
39
40
46
23
18
36
44
103
139
22
37
65
43
30
40
37
32
57
50
23
31
48
27
97
39
53
35
52
21
32
29
46
29
24
28
35
28
76
33
30
37
36
24
30
71
37
75
41
17
15
86
60
35
39
40
19
80
20
32
35
104
69
34
213
68
86
28
67
31
42
55
36
34
40
44
45
32
50
66
110
45
14
26
31
35
87
43
22
55
35
28
114
52
45
28
20
38
64
31
68
298
104
75
21
50
49
62
34
20
25
659
34
72
77
21
81
52
96
43
74
56
97
17
36
147
56
59
23
43
16
26
41
44
45
37
29
59
20
82
25
38
39
73
22
33
237
47
82
24
29
42
76
81
67
58
30
45
27
106
22
54
36
46
70
32
41
42
36
175
37
54
133
12
313
59
51
32
17
50
264
35
54
41
29
28
39
83
16
42
37
405
33
31
26
20
25
81
59
57
34
39
32
24
28
51
99
75
37
46
11
37
91
20
22
89
44
27
31
34
37
97
24
45
32
34
52
37
52
18
50
55
42
34
24
29
25
30
40
50
160
99
23
21
38
41
49
34
41
44
24
51
46
12
48
147
14
38
30
44
39
88
28
60
134
38
39
65
32
48
42
25
18
41
35
31
48
109
57
38
28
21
31
22
26
60
28
38
85
40
56
24
52
57
40
26
85
35
64
113
119
16
27
33
89
50
28
44
38
30
30
21
91
146
33
34
43
24
20
48
36
40
70
27
29
36
24
57
31
23
55
62
21
38
71
65
69
50
38
85
40
34
148
42
115
86
32
36
26
24
30
39
78
47
36
45
26
37
38
39
84
50
23
26
53
41
46
45
56
200
208
159
23
28
45
50
90
17
36
43
48
27
54
37
134
132
36
38
37
38
43
30
183
142
44
37
47
40
314
49
195
59
26
40
45
92
46
9
25
35
37
18
14
26
61
140
69
201
524
23
53
57
44
45
53
46
34
79
32
53
54
23
70
50
114
34
38
31
33
24
83
33
32
224
24
86
45
34
53
41
70
84
47
40
27
70
43
61
53
65
38
30
66
85
130
24
92
90
58
28
37
24
32
38
46
24
118
27
1124
26
36
48
96
55
50
36
17
30
355
48
139
42
38
78
120
43
28
36
47
28
67
39
8
266
125
46
38
31
14
20
20
46
43
51
72
35
55
36
65
92
50
41
45
24
9
31
22
203
51
37
172
49
33
23
58
38
39
128
41
37
85
113
54
43
79
47
16
43
22
59
42
12
26
8
48
62
47
181
68
225
10
60
34
21
41
32
29
38
33
37
36
57
45
29
56
38
18
34
42
24
39
12
30
12
23
59
52
35
45
48
241
35
40
35
30
155
29
26
31
167
38
73
20
13
27
15
32
91
81
43
42
35
28
45
9
50
30
34
32
23
76
39
111
50
48
63
43
59
42
41
19
12
32
88
69
53
22
91
26
29
77
31
71
44
41
82
535
33
30
64
46
36
46
37
33
36
53
86
195
22
55
22
22
182
31
113
35
19
103
27
55
37
47
46
46
71
61
26
87
29
48
577
29
34
43
24
12
32
30
23
35
68
25
37
17
73
47
168
50
27
28
59
60
47
29
19
51
30
73
42
24
104
39
42
73
47
30
36
57
101
25
65
63
23
34
36
33
68
84
63
55
22
73
30
52
38
28
103
42
47
107
45
28
64
104
36
25
25
34
22
39
52
47
56
134
38
71
181
36
61
24
82
54
25
44
19
24
40
38
48
25
23
29
66
24
34
71
59
27
43
39
64
5
41
75
24
59
40
40
29
54
39
35
69
35
44
73
66
68
35
52
37
58
68
103
73
37
44
29
85
56
38
34
37
17
174
35
77
32
29
21
301
28
28
37
220
81
37
85
53
83
47
25
13
31
43
37
27
84
43
54
40
29
40
34
32
10
161
41
27
56
31
20
137
24
87
59
49
21
25
17
55
30
41
34
77
25
96
28
26
30
40
24
83
31
18
35
39
23
43
52
34
29
7
66
5
43
33
91
43
22
82
68
44
63
56
39
34
47
22
18
68
38
34
31
335
210
35
38
63
43
35
33
96
46
46
37
85
30
48
34
52
30
31
57
99
52
33
28
114
24
28
29
59
9
14
45
53
151
35
34
37
21
24
38
20
27
34
24
21
33
52
42
32
21
26
27
31
155
52
32
39
18
53
44
18
29
30
16
34
29
37
145
32
34
29
29
53
32
21
23
16
34
18
148
60
86
28
28
19
28
37
75
27
39
49
55
71
26
58
18
36
83
32
23
30
31
39
41
115
33
138
18
22
77
30
48
19
14
24
38
30
54
43
29
26
45
74
24
37
44
41
21
27
33
52
45
53
33
31
48
22
15
21
51
33
41
26
92
28
42
81
32
154
18
34
27
158
62
30
34
47
27
47
28
55
25
18
25
37
51
37
10
22
47
29
121
34
51
45
38
37
137
30
28
35
22
39
29
39
67
135
23
154
70
39
44
138
21
24
48
32
160
49
39
77
26
30
28
38
82
28
29
41
28
26
102
34
55
28
60
37
24
38
103
27
59
37
34
46
35
25
13
43
40
35
40
26
17
45
37
55
34
68
238
100
110
40
26
35
32
67
38
43
122
48
28
45
37
90
72
25
28
17
38
27
33
53
3
55
92
43
36
23
55
41
39
38
36
17
43
34
158
32
72
50
16
16
44
39
38
35
63
51
29
74
23
24
36
82
69
49
39
11
70
89
36
139
45
22
225
267
45
95
55
38
30
34
45
20
28
30
56
39
36
46
40
33
33
67
25
20
9
30
22
39
11
25
35
79
52
24
37
28
19
29
83
36
47
1312
24
24
19
33
149
40
40
28
38
59
178
34
30
31
44
169
10
31
5
26
9
27
28
30
30
50
23
18
30
22
21
17
21
29
28
24
19
37
100
44
15
10
182
31
16
1
27
16
33
41
24
48
29
33
28
23
32
39
68
18
38
37
112
43
65
38
33
41
19
18
35
25
32
50
21
51
38
152
28
39
36
26
30
26
50
41
35
33
98
20
52
63
48
383
39
42
24
12
21
34
67
96
49
37
28
42
22
50
37
36
113
11
38
24
52
30
40
29
19
40
25
44
33
31
29
23
50
32
42
24
54
89
80
21
49
28
44
64
34
34
68
40
21
16
24
32
27
154
48
23
48
32
21
40
101
37
30
25
47
28
43
21
28
36
30
97
30
33
116
48
33
8
50
19
45
48
34
102
37
33
43
147
34
17
30
46
71
28
46
29
27
34
26
26
44
29
21
40
59
32
27
54
54
44
90
26
32
81
34
41
34
28
40
36
24
33
60
41
53
220
42
50
57
11
32
29
32
65
44
25
21
24
42
648
60
33
28
56
53
67
34
47
39
51
53
19
32
36
28
17
34
91
36
13
81
24
18
20
40
26
24
20
165
63
24
152
81
61
24
48
74
49
25
45
65
315
25
32
26
108
32
141
72
147
20
43
48
40
38
28
161
27
49
41
18
452
41
41
48
90
27
325
47
30
70
15
30
48
93
29
26
42
34
11
37
33
68
22
42
30
31
67
77
29
19
36
38
26
30
40
96
35
25
27
27
25
103
31
38
44
134
37
27
67
24
44
21
236
29
54
52
13
31
24
30
26
41
43
16
48
32
46
39
48
35
26
90
53
30
34
36
28
24
36
34
93
42
41
53
139
30
53
96
111
36
107
78
26
23
23
56
70
24
23
34
39
33
31
29
46
58
150
149
92
24
26
26
60
40
47
45
22
6
71
127
86
27
25
336
29
34
24
77
48
27
38
57
56
71
37
39
40
80
34
145
270
24
26
21
32
29
43
103
29
129
43
27
59
32
46
48
37
33
35
17
27
30
177
40
42
31
81
37
34
42
54
32
263
58
26
23
18
17
25
63
18
35
37
24
43
19
21
86
117
49
318
38
343
26
29
28
248
252
30
31
33
29
54
41
33
41
60
42
28
28
19
50
52
47
23
48
42
45
40
26
33
24
37
402
54
24
28
149
126
39
85
44
24
45
56
33
27
37
74
30
45
24
28
6
26
28
59
452
40
47
25
32
23
52
34
26
43
81
38
102
59
37
44
30
33
35
30
100
40
34
28
33
31
20
25
37
52
19
18
242
31
39
19
49
28
40
44
25
32
35
41
46
35
22
86
17
33
35
31
31
45
34
66
38
33
22
23
67
23
29
46
12
52
19
37
34
31
38
38
46
39
35
74
51
82
74
113
27
57
101
18
21
72
58
76
28
37
27
49
25
56
28
144
45
65
202
155
51
34
18
30
13
25
30
89
39
18
46
28
18
28
34
36
28
24
15
33
38
24
65
42
42
18
132
28
31
36
54
37
25
39
23
31
169
26
44
148
52
71
36
22
45
19
32
30
40
21
281
76
66
28
13
51
88
30
52
39
44
12
22
55
44
45
26
47
34
27
28
51
26
58
21
43
43
133
36
46
42
14
45
29
44
33
77
30
34
30
269
60
33
27
18
42
42
631
42
331
42
36
45
33
83
51
29
41
41
38
50
139
26
21
19
24
174
42
30
42
41
34
31
26
26
24
40
41
67
241
21
28
28
20
42
78
7
80
70
24
1604
42
39
20
25
37
21
40
32
44
59
29
34
19
67
27
47
62
33
39
48
41
51
35
31
301
45
35
49
20
42
27
44
38
86
75
52
24
21
22
32
158
36
272
31
31
37
19
55
299
38
472
102
59
105
56
30
33
49
49
119
40
33
85
33
35
16
609
1242
97
246
33
18
52
56
110
21
40
65
24
54
972
75
45
24
16
37
67
27
50
29
30
43
41
35
39
41
21
25
48
58
71
68
46
54
34
33
158
19
107
208
53
9
49
31
4
47
21
39
29
80
28
68
46
60
44
44
86
144
19
66
26
28
27
60
22
19
32
47
43
58
42
22
30
8
24
28
30
62
25
26
28
74
47
73
33
58
39
40
22
20
22
63
27
28
21
57
324
43
77
30
30
33
234
52
22
65
24
42
25
66
33
48
99
51
18
24
39
35
29
36
46
55
27
15
16
27
26
44
25
50
207
224
31
45
42
213
25
49
49
156
48
40
26
22
39
27
28
40
46
20
47
41
69
40
40
101
57
32
38
49
33
40
24
97
204
39
32
25
51
28
26
82
58
27
57
34
93
36
17
74
36
55
63
26
53
37
74
45
33
103
49
62
37
20
24
7
37
43
205
29
23
30
32
33
62
37
41
4
48
23
41
30
24
67
77
41
29
68
24
32
23
71
358
61
66
23
45
58
22
18
54
43
37
19
113
145
38
33
26
22
39
21
22
29
41
36
21
48
33
37
20
48
61
44
28
31
143
26
17
36
114
9
37
257
29
56
20
29
50
95
28
54
59
31
52
20
19
48
19
24
18
34
18
39
64
36
35
23
57
23
18
32
68
42
42
26
42
41
54
109
100
31
33
60
31
197
9
70
25
46
34
29
40
62
40
53
19
26
39
24
201
43
26
49
30
28
26
21
31
27
33
16
38
51
79
39
34
26
28
147
48
37
81
17
36
69
55
168
49
44
7
64
110
26
32
60
26
43
26
69
38
52
25
41
30
54
42
24
207
142
54
30
30
33
31
69
31
225
65
117
68
51
43
46
109
43
49
40
36
92
25
36
40
47
34
181
52
39
38
23
26
84
159
493
90
31
36
162
64
23
94
6
41
52
93
36
33
16
52
32
46
32
2
58
35
63
56
130
33
61
51
39
40
40
18
11
29
31
26
99
57
34
42
31
24
52
108
27
38
35
47
44
167
95
59
47
110
29
21
70
29
53
24
151
40
25
35
54
92
51
38
18
111
33
71
27
40
36
31
24
308
13
48
5
76
40
51
42
30
163
55
55
32
38
67
78
37
24
21
128
32
31
34
87
33
37
16
84
47
99
57
32
40
39
23
42
73
32
53
54
24
38
42
128
19
40
80
146
29
47
31
35
26
24
246
34
50
33
28
22
50
111
40
148
27
51
56
55
37
49
26
225
56
36
13
12
35
18
46
30
81
26
83
33
18
30
49
31
29
48
66
34
159
44
100
63
45
33
30
143
45
85
139
26
36
33
20
57
36
41
48
43
16
33
47
22
172
23
21
30
23
42
42
38
11
24
90
24
52
21
84
247
53
39
31
9
54
102
58
24
39
26
31
78
70
23
33
22
37
57
51
95
23
31
19
34
129
25
105
31
36
29
32
32
26
132
113
88
17
32
31
73
29
43
81
34
68
29
105
34
64
24
26
33
24
46
39
40
46
94
16
26
23
24
11
34
33
12
36
26
65
20
26
12
53
48
12
28
37
10
51
46
46
28
36
36
37
33
49
28
34
179
73
47
40
171
25
42
50
49
16
15
79
30
21
58
100
18
8
19
26
56
34
496
34
63
32
127
22
35
27
151
26
67
46
155
52
159
21
7
29
16
24
32
30
15
104
33
33
51
61
22
28
62
86
33
18
61
27
13
26
52
46
18
224
471
42
144
34
44
176
17
37
69
12
42
38
21
43
24
92
46
279
24
19
101
30
415
29
66
27
24
22
192
31
89
55
235
64
35
45
23
28
37
43
29
35
37
87
17
29
20
31
35
32
39
61
31
153
58
25
32
32
72
28
22
24
49
29
21
123
47
33
43
38
71
28
48
23
28
36
36
39
10
35
8
117
110
8
41
33
20
25
25
288
37
60
18
69
37
221
32
55
30
22
41
73
47
47
33
69
94
65
26
75
27
47
18
204
31
157
27
23
35
37
29
48
170
25
16
181
38
36
51
35
33
25
49
47
41
49
26
26
62
75
43
35
31
317
26
98
271
20
12
33
40
23
33
34
55
25
29
45
21
28
13
41
41
26
38
47
16
87
38
86
31
25
44
23
16
18
28
50
48
17
28
45
36
31
37
40
27
113
22
34
57
39
76
24
441
39
51
164
67
27
50
24
44
86
46
34
35
51
40
48
163
27
540
34
23
44
49
37
55
1747
39
17
47
54
51
38
42
34
21
37
38
26
183
97
25
48
139
24
45
36
32
40
114
26
34
7
38
45
9
23
10
44
27
28
39
52
29
56
79
29
28
243
217
72
38
34
65
39
37
41
387
23
447
29
100
83
74
31
36
27
31
62
28
25
25
34
19
28
32
26
43
213
354
36
37
39
59
163
65
24
18
59
21
17
46
31
41
31
30
31
26
65
30
48
20
16
25
11
32
52
61
133
34
21
48
52
134
43
39
26
64
27
27
48
66
26
17
25
27
52
40
45
23
43
33
45
31
36
39
46
41
83
66
38
253
66
128
82
51
152
24
30
55
49
45
83
62
80
27
28
89
206
65
44
19
24
4
40
24
1071
36
104
25
37
25
60
54
23
37
17
45
33
28
65
32
4
25
23
28
39
21
5
62
33
38
40
30
89
50
32
23
27
31
29
27
23
42
28
50
4
39
55
10
47
16
47
20
147
40
47
27
78
29
34
23
34
44
42
23
68
24
40
41
291
38
35
38
37
22
28
113
225
26
47
31
60
40
64
36
49
32
51
25
316
26
32
243
35
57
67
44
56
75
189
119
26
31
27
45
29
28
39
30
15
21
43
27
38
21
61
27
59
49
121
29
34
30
33
29
23
35
28
27
30
26
65
22
82
40
42
16
20
23
22
34
27
95
19
31
61
35
40
94
59
26
49
34
40
24
26
29
42
117
43
27
26
30
46
45
30
89
68
20
30
25
30
25
7
47
39
56
41
49
63
137
37
44
40
28
29
391
58
45
20
60
80
29
29
282
23
39
57
26
46
18
37
24
38
30
42
16
39
19
48
22
22
51
40
19
50
41
256
15
24
242
33
34
17
26
85
8
37
43
24
59
211
42
25
21
51
56
20
33
40
19
40
34
37
39
37
32
25
37
24
58
22
22
25
163
30
52
137
41
32
25
16
94
70
25
43
56
22
124
40
46
31
11
44
63
39
31
9
78
42
35
42
52
61
11
51
53
95
174
29
30
29
49
42
32
30
32
46
48
29
86
43
32
28
82
27
36
30
31
24
23
56
59
36
21
19
94
24
35
39
26
34
41
25
57
100
24
37
28
77
76
100
31
46
28
36
34
60
43
28
53
47
67
42
22
104
89
38
71
98
24
51
32
34
198
18
34
18
33
56
19
44
39
57
145
32
22
117
41
30
125
28
21
38
18
57
93
5
29
43
28
28
39
36
34
145
48
68
105
24
66
25
48
64
16
33
35
34
34
33
25
27
23
24
50
22
35
35
52
57
46
150
28
45
36
28
28
40
34
21
40
28
55
36
31
63
17
34
38
31
34
45
46
55
325
38
29
40
25
24
41
38
368
39
17
27
102
25
37
24
48
33
698
40
110
18
53
27
35
62
60
91
31
50
20
171
120
52
1053
18
50
35
163
103
21
16
27
47
41
33
28
53
40
22
20
26
216
34
54
153
34
63
37
30
28
30
160
47
35
38
31
36
37
54
917
43
47
51
29
85
42
39
22
16
30
50
34
54
23
28
32
72
29
44
27
63
23
33
46
27
23
21
23
28
101
31
49
24
58
191
39
37
38
57
42
43
30
9
47
24
39
33
20
164
43
19
30
44
13
38
34
24
449
104
44
17
54
29
25
22
87
40
44
25
73
18
42
63
63
28
45
43
117
27
57
134
48
25
70
44
769
31
28
26
31
23
39
36
44
38
25
22
32
56
59
151
32
94
106
55
25
53
36
24
129
20
36
38
28
20
67
24
30
32
22
21
37
163
50
30
43
41
76
44
41
90
34
16
48
29
186
42
21
21
21
26
27
28
76
33
28
14
36
28
31
43
33
58
382
56
97
37
16
23
201
78
41
38
17
31
39
74
17
42
74
66
71
18
43
36
47
25
48
20
30
22
50
118
25
51
26
143
43
42
34
30
16
10
29
57
24
79
5
24
26
118
31
25
44
34
40
24
57
27
48
36
114
33
31
186
28
102
17
12
20
25
27
38
16
92
29
36
14
312
31
45
14
24
60
27
34
25
41
34
60
787
57
44
35
5
19
28
19
33
34
69
27
30
32
21
40
23
83
118
19
25
178
50
38
50
47
71
41
33
17
20
44
60
29
29
23
621
16
34
27
18
44
40
250
109
41
7
26
43
25
115
25
38
63
20
21
34
31
22
47
16
37
43
39
754
33
32
18
38
45
46
21
33
40
36
42
51
42
32
138
34
9
40
18
31
51
121
121
29
34
26
43
28
60
42
26
26
155
24
137
65
27
29
34
46
26
40
31
34
71
37
46
36
26
25
38
27
42
29
39
43
16
57
49
33
15
263
14
18
74
48
61
146
47
47
39
41
40
33
37
11
39
25
70
69
61
32
30
600
225
55
33
24
79
45
62
256
43
33
20
20
31
55
33
36
40
44
29
472
31
16
30
34
26
22
19
25
36
33
25
36
13
132
13
80
51
419
119
62
45
28
108
24
275
56
140
246
27
44
57
42
36
37
19
12
20
29
252
24
15
23
37
41
32
213
27
52
26
77
39
40
42
18
41
26
60
52
51
23
31
19
32
39
37
35
32
38
43
40
26
34
62
247
26
37
32
52
35
29
19
25
143
42
22
26
58
40
22
178
30
52
37
35
167
33
54
43
22
44
38
36
36
22
46
25
58
22
176
35
34
23
55
25
15
509
23
49
99
61
16
491
32
40
75
50
92
23
56
22
22
32
38
33
192
40
26
17
477
27
69
30
43
53
26
78
20
30
204
30
26
64
23
26
24
41
26
29
32
50
21
30
46
35
60
32
22
51
53
41
55
25
28
72
64
32
34
48
604
28
70
20
298
34
39
18
17
79
38
181
41
31
36
30
31
23
17
28
29
16
25
22
31
333
28
31
23
49
15
22
38
69
383
8
36
21
24
44
49
28
39
32
37
540
28
205
16
25
157
135
37
45
33
17
40
476
27
32
108
22
20
38
47
33
66
764
742
28
47
40
27
43
32
35
25
29
27
34
17
59
201
18
23
24
94
19
30
35
30
41
24
29
496
55
32
18
60
77
16
308
35
130
34
30
123
57
56
25
114
37
257
110
61
25
27
37
41
162
184
83
57
225
56
38
28
30
39
30
305
38
16
31
25
101
61
43
26
24
205
40
47
204
56
63
96
36
28
24
25
41
61
356
42
35
345
27
35
60
19
102
25
53
42
64
21
35
24
69
39
68
42
27
40
69
27
63
18
55
34
46
430
26
151
31
48
57
72
22
22
100
38
46
29
73
50
38
49
31
30
105
52
28
27
35
30
36
31
144
362
100
81
69
124
40
54
111
49
29
28
42
50
47
39
44
47
35
33
24
25
272
256
36
21
53
27
30
20
18
34
46
72
81
27
94
43
36
50
45
88
27
49
326
22
20
54
21
31
62
17
197
31
21
93
185
60
45
50
272
165
148
233
23
77
28
77
39
41
36
28
39
64
49
82
16
51
129
43
28
176
17
23
27
57
28
34
65
35
116
78
25
45
53
48
20
172
24
26
18
41
131
63
269
58
120
57
16
31
75
27
17
9
16
12
86
107
29
64
35
37
24
30
48
51
24
308
42
31
31
33
29
229
47
127
55
23
34
52
42
63
89
30
51
58
31
54
31
31
277
31
42
36
24
93
129
41
51
31
258
34
96
46
49
28
29
25
22
491
86
345
26
41
181
23
39
23
31
31
29
16
21
44
52
109
61
28
19
66
27
609
21
24
38
85
38
57
77
38
56
50
39
16
42
46
39
23
34
372
39
69
32
29
313
21
37
39
37
6
7
27
11
92
28
376
29
19
32
31
146
51
35
53
70
35
44
19
34
25
23
54
67
10
33
95
42
49
48
50
36
34
45
11
124
46
24
34
49
21
59
33
18
40
24
101
33
24
10
26
242
35
60
34
18
38
27
17
16
66
32
19
29
36
29
26
113
40
52
43
68
19
45
29
80
43
110
55
45
19
27
41
61
16
387
72
237
476
645
91
37
33
244
463
311
40
401
34
158
61
60
54
16
47
21
20
36
33
85
184
56
45
155
71
32
28
40
41
40
42
226
38
33
251
35
30
30
129
11
170
78
246
25
63
48
45
17
24
23
36
48
35
54
53
24
16
25
20
30
44
14
68
15
46
58
39
49
26
41
24
30
39
54
42
69
363
90
22
41
16
65
30
24
44
198
33
9
37
35
22
24
160
35
18
47
128
25
46
25
371
42
105
32
37
2
29
99
74
99
63
37
109
63
199
88
26
32
26
22
80
24
25
364
561
48
62
39
30
45
38
133
296
62
25
24
110
63
33
39
62
51
40
29
24
27
35
35
30
25
18
34
24
41
40
22
126
45
46
137
232
27
46
73
34
23
60
25
15
19
22
55
16
41
142
246
396
33
26
53
217
63
41
38
55
26
18
37
54
39
163
346
556
32
248
50
61
70
95
308
39
26
43
25
27
61
399
27
23
34
40
102
110
29
40
33
215
18
126
36
26
34
33
37
46
141
50
48
26
104
55
62
50
39
21
68
491
25
22
225
54
45
34
29
44
28
87
80
31
417
1529
61
39
34
133
41
74
402
52
48
56
38
43
1045
32
36
35
36
24
17
33
31
120
102
78
51
94
516
41
282
25
54
43
32
702
44
26
30
40
46
22
21
25
30
24
42
202
37
16
19
976
318
213
353
52
936
487
306
283
1461
20
29
28
71
46
27
26
37
20
27
34
34
26
91
23
16
38
315
29
2
52
934
29
340
97
31
47
371
317
38
66
19
31
51
37
18
155
337
349
89
39
48
40
34
43
1
38
612
56
52
159
26
40
3
131
3
239
22
19
29
64
31
24
74
79
155
49
13
65
27
34
132
82
24
39
34
60
32
24
137
237
60
276
35
24
21
57
33
393
87
120
80
26
15
44
118
62
82
13
96
25
368
628
55
48
31
25
32
39
23
6
24
397
10
172
82
18
56
36
22
30
43
260
165
41
29
30
54
40
52
28
65
401
48
35
35
148
102
147
33
228
591
199
181
31
42
23
132
49
51
15
30
48
27
83
252
58
45
43
21
29
25
185
71
30
285
27
46
649
1663
347
38
24
8
80
9
18
55
39
51
48
43
63
45
26
48
40
43
39
22
104
39
52
28
37
31
40
32
35
34
40
55
45
67
22
39
47
56
37
53
27
54
200
68
44
49
23
87
10
47
30
56
35
26
38
46
24
91
48
288
89
25
40
1776
34
32
27
31
87
28
8
36
32
30
246
44
113
42
6
49
28
113
42
38
31
33
1
26
11
16
43
88
34
73
38
6
49
37
4
31
232
170
43
33
60
38
45
31
29
37
24
21
85
241
67
255
34
54
36
229
39
168
37
38
16
28
266
20
43
41
34
36
82
55
23
205
52
56
40
49
47
223
30
37
39
48
31
31
23
33
453
64
115
21
154
30
28
33
33
33
28
103
59
400
36
41
26
29
70
11
26
35
29
10
40
41
60
125
16
36
20
40
130
66
63
23
33
145
565
979
30
35
33
68
191
584
44
41
35
16
228
1091
38
38
36
25
139
54
22
35
55
30
23
21
120
33
67
25
77
52
12
26
38
36
31
44
47
42
18
26
103
17
27
36
841
46
28
30
50
92
556
51
35
28
131
92
341
35
60
42
36
454
17
38
245
22
58
27
79
276
64
34
39
38
40
638
233
66
22
101
59
40
24
63
31
54
41
179
34
1726
141
