106
193
30
33
35
92
309
51
22
154
199
116
200
45
15
297
294
243
98
91
97
108
125
27
29
76
16
62
71
18
219
57
130
441
392
64
33
111
234
99
26
184
73
140
15
436
103
290
38
168
485
201
475
78
147
214
55
374
23
71
141
279
10
25
143
3
242
99
161
35
70
129
102
247
213
44
238
244
146
296
49
45
97
46
30
98
46
167
208
50
76
59
424
92
89
148
27
283
953
117
311
146
130
24
214
357
88
95
61
109
792
24
12
230
58
124
31
217
279
93
47
263
19
38
256
51
40
137
41
292
58
108
86
170
38
45
72
38
43
293
159
136
144
105
129
62
75
72
24
50
174
58
39
118
120
23
110
132
53
9
28
38
257
162
18
54
62
217
17
2
17
302
94
31
297
108
392
327
223
103
167
44
76
155
24
37
23
298
25
42
289
331
69
322
209
400
197
261
280
100
284
70
52
26
293
281
88
198
309
26
309
298
62
66
165
22
96
91
240
142
47
49
46
79
76
126
42
100
27
32
35
289
173
44
153
114
81
39
35
10
46
132
124
69
42
52
90
376
45
67
284
68
59
25
61
29
36
85
39
71
204
16
197
100
44
486
50
341
24
98
115
189
236
76
96
2
66
117
46
117
27
103
192
464
57
362
29
301
48
7
317
24
12
36
22
27
34
120
47
94
158
41
54
358
91
27
60
107
34
165
218
201
75
92
39
143
65
31
61
81
82
34
48
57
131
94
147
98
217
30
13
637
32
61
134
60
33
65
41
21
24
127
42
60
30
257
76
52
37
48
229
200
147
74
316
168
115
23
15
98
18
111
26
51
135
41
175
196
59
86
25
32
80
309
76
337
93
235
126
300
186
169
293
107
86
372
218
149
50
31
85
41
44
6
54
18
83
250
59
34
155
85
210
24
88
63
37
412
71
341
31
95
118
91
79
15
146
70
219
183
20
181
194
263
219
109
529
244
73
23
809
76
16
418
233
137
116
252
85
64
156
46
39
73
55
413
430
430
427
320
88
236
97
54
126
122
52
187
437
90
92
37
62
311
91
33
430
121
246
120
198
20
44
129
139
309
250
92
168
34
33
32
36
295
169
30
32
22
338
34
112
166
36
70
129
102
305
22
40
52
19
54
69
16
115
279
260
121
465
13
185
110
222
74
199
268
50
64
343
22
2
71
123
35
113
31
298
297
58
252
42
96
51
63
410
56
62
39
346
27
117
341
20
182
33
122
59
88
468
129
17
117
141
72
111
60
56
12
32
55
47
62
81
328
99
225
306
94
58
31
66
40
72
47
76
20
203
165
124
262
326
58
142
45
39
161
97
91
61
66
124
341
231
30
214
39
37
70
109
288
40
59
114
333
177
37
16
242
161
59
32
127
67
244
236
292
5
98
105
101
136
142
31
51
543
57
40
35
10
24
261
90
41
42
21
142
347
21
293
93
81
146
90
164
29
24
131
201
363
172
36
511
389
105
149
183
82
97
